type	latitude	longitude	altitude (m)	name	desc	kml_folder
T	45.616063673	9.280685586	181.0	Left_Boundary		Left_Boundary_Data.kml
T	45.616163924	9.280700467	180.4			
T	45.616223272	9.280709180	179.8			
T	45.616284748	9.280719550	179.2			
T	45.616359526	9.280730534	178.5			
T	45.616478568	9.280747915	179.3			
T	45.616574653	9.280761465	180.3			
T	45.616665224	9.280774538	181.2			
T	45.616737708	9.280786646	181.4			
T	45.616809176	9.280794186	181.6			
T	45.616900036	9.280807521	181.9			
T	45.616968740	9.280818149	182.0			
T	45.617036360	9.280827524	182.0			
T	45.617098040	9.280835978	182.0			
T	45.617152232	9.280844593	182.0			
T	45.617219907	9.280855206	181.9			
T	45.617283309	9.280864039	181.9			
T	45.617358244	9.280873220	181.9			
T	45.617442412	9.280886333	182.0			
T	45.617536242	9.280900843	182.0			
T	45.617595585	9.280907620	182.0			
T	45.617644024	9.280914952	182.0			
T	45.617696054	9.280922827	182.0			
T	45.617753485	9.280934262	182.0			
T	45.617816908	9.280939428	182.0			
T	45.617879136	9.280948937	182.0			
T	45.617938295	9.280956743	182.0			
T	45.618004673	9.280968653	182.0			
T	45.618080235	9.280976907	182.1			
T	45.618151092	9.280989881	182.3			
T	45.618252776	9.281004984	182.7			
T	45.618314485	9.281010585	182.9			
T	45.618394155	9.281026370	183.0			
T	45.618475535	9.281039920	183.0			
T	45.618559573	9.281047882	183.0			
T	45.618652789	9.281060026	183.0			
T	45.618722775	9.281075277	183.0			
T	45.618798340	9.281084788	183.0			
T	45.618886535	9.281097865	183.0			
T	45.618953411	9.281106857	183.2			
T	45.619026884	9.281117398	183.5			
T	45.619103671	9.281127043	183.8			
T	45.619170950	9.281138497	184.0			
T	45.619227928	9.281145728	184.0			
T	45.619296895	9.281156131	184.0			
T	45.619363075	9.281164599	184.0			
T	45.619418865	9.281174082	184.0			
T	45.619483304	9.281183145	184.0			
T	45.619559565	9.281196112	184.0			
T	45.619635078	9.281206872	184.0			
T	45.619726560	9.281218109	184.0			
T	45.619800077	9.281229211	183.9			
T	45.619861154	9.281240685	183.8			
T	45.619936800	9.281251458	183.6			
T	45.619985414	9.281256991	183.5			
T	45.620033942	9.281265084	183.1			
T	45.620087261	9.281273100	182.7			
T	45.620131095	9.281277386	182.3			
T	45.620189010	9.281286238	181.8			
T	45.620254743	9.281294179	181.2			
T	45.620318197	9.281302198	181.4			
T	45.620378775	9.281311384	182.1			
T	45.620444339	9.281317940	182.8			
T	45.620508673	9.281327711	183.5			
T	45.620574008	9.281337746	184.0			
T	45.620628082	9.281346499	184.0			
T	45.620695349	9.281351212	184.0			
T	45.620755835	9.281364795	184.0			
T	45.620848890	9.281370518	184.0			
T	45.620912413	9.281382737	184.0			
T	45.620963052	9.281387095	184.0			
T	45.621013104	9.281396881	184.0			
T	45.621079583	9.281405478	184.0			
T	45.621143441	9.281411462	184.1			
T	45.621201546	9.281417957	184.3			
T	45.621265435	9.281426434	184.6			
T	45.621323725	9.281435728	184.8			
T	45.621381717	9.281442328	185.0			
T	45.621434930	9.281449788	185.0			
T	45.621495228	9.281454890	185.0			
T	45.621555990	9.281464342	185.0			
T	45.621635533	9.281474434	185.0			
T	45.621703871	9.281482060	185.0			
T	45.621755811	9.281488551	185.0			
T	45.621798669	9.281495549	185.0			
T	45.621836607	9.281497726	185.0			
T	45.621888311	9.281506991	185.0			
T	45.621936616	9.281513862	185.0			
T	45.621984936	9.281520828	185.0			
T	45.622019208	9.281526459	185.0			
T	45.622118135	9.281537808	185.0			
T	45.622165906	9.281543497	185.0			
T	45.622212669	9.281549138	185.0			
T	45.622268115	9.281556408	185.0			
T	45.622326518	9.281563536	185.0			
T	45.622385564	9.281571645	185.0			
T	45.622437359	9.281579212	185.0			
T	45.622520485	9.281588718	185.0			
T	45.622602977	9.281599084	185.0			
T	45.622682088	9.281610593	185.0			
T	45.622761656	9.281620397	185.0			
T	45.622847553	9.281631540	185.0			
T	45.622949415	9.281642750	185.0			
T	45.622990364	9.281649860	185.0			
T	45.623022413	9.281655392	185.0			
T	45.623060290	9.281659838	185.0			
T	45.623098755	9.281663256	185.2			
T	45.623148117	9.281670240	185.3			
T	45.623184924	9.281676581	185.5			
T	45.623218910	9.281679111	185.6			
T	45.623254771	9.281682973	185.7			
T	45.623297021	9.281691230	185.9			
T	45.623336584	9.281694277	186.0			
T	45.623381637	9.281700418	186.0			
T	45.623429721	9.281705289	186.0			
T	45.623471218	9.281712023	186.0			
T	45.623506397	9.281714715	186.0			
T	45.623556459	9.281721823	186.0			
T	45.623599466	9.281727040	186.0			
T	45.623643656	9.281735077	186.0			
T	45.623678810	9.281738185	186.0			
T	45.623725224	9.281744713	186.0			
T	45.623754650	9.281748797	186.0			
T	45.623795299	9.281753157	186.0			
T	45.623826877	9.281756561	186.0			
T	45.623854059	9.281760098	186.0			
T	45.623890763	9.281764744	186.0			
T	45.623922648	9.281770294	186.0			
T	45.623957485	9.281773845	186.0			
T	45.623990268	9.281777853	186.0			
T	45.624016732	9.281782474	186.0			
T	45.624043988	9.281785664	186.0			
T	45.624071080	9.281788873	186.0			
T	45.624101753	9.281785763	186.0			
T	45.624127294	9.281790568	186.0			
T	45.624158626	9.281793489	186.0			
T	45.624202943	9.281799021	186.0			
T	45.624217278	9.281799843	186.0			
T	45.624236901	9.281804405	186.0			
T	45.624257301	9.281805488	186.0			
T	45.624274934	9.281808781	186.0			
T	45.624299484	9.281810689	186.0			
T	45.624317750	9.281813185	186.0			
T	45.624332102	9.281815431	186.0			
T	45.624353677	9.281817777	186.0			
T	45.624377850	9.281820944	186.0			
T	45.624404948	9.281824475	186.0			
T	45.624428109	9.281829009	186.0			
T	45.624463112	9.281834170	186.0			
T	45.624476488	9.281837650	186.1			
T	45.624490801	9.281839782	186.1			
T	45.624501393	9.281842866	186.1			
T	45.624512008	9.281846573	186.2			
T	45.624521394	9.281850550	186.2			
T	45.624532280	9.281856990	186.2			
T	45.624541788	9.281864257	186.2			
T	45.624551542	9.281871797	186.3			
T	45.624560903	9.281882120	186.3			
T	45.624567502	9.281893252	186.4			
T	45.624574851	9.281905189	186.4			
T	45.624579699	9.281916246	186.4			
T	45.624586002	9.281929692	186.5			
T	45.624593259	9.281942998	186.5			
T	45.624596962	9.281957237	186.6			
T	45.624602987	9.281974158	186.6			
T	45.624604512	9.281986807	186.6			
T	45.624609136	9.282002851	186.7			
T	45.624609134	9.282016446	186.7			
T	45.624611473	9.282031713	186.7			
T	45.624612255	9.282049402	186.8			
T	45.624613039	9.282067684	186.8			
T	45.624613825	9.282086562	186.8			
T	45.624613799	9.282103885	186.8			
T	45.624612344	9.282116427	186.8			
T	45.624612242	9.282133595	186.9			
T	45.624610935	9.282146376	186.9			
T	45.624608576	9.282161763	186.9			
T	45.624607629	9.282178051	186.9			
T	45.624606611	9.282189742	187.0			
T	45.624605113	9.282203062	187.0			
T	45.624606497	9.282215337	187.0			
T	45.624603634	9.282231047	187.0			
T	45.624604103	9.282244993	187.0			
T	45.624602091	9.282257370	187.0			
T	45.624601779	9.282269231	187.0			
T	45.624601338	9.282283709	187.0			
T	45.624602193	9.282298823	187.0			
T	45.624603090	9.282312236	187.0			
T	45.624605422	9.282326031	187.0			
T	45.624609131	9.282340784	187.0			
T	45.624614453	9.282356637	187.0			
T	45.624623416	9.282371556	187.0			
T	45.624630095	9.282382749	187.0			
T	45.624641110	9.282396856	187.0			
T	45.624654717	9.282405981	187.0			
T	45.624668958	9.282414091	187.0			
T	45.624685956	9.282418693	187.0			
T	45.624703823	9.282418702	187.0			
T	45.624718165	9.282415156	187.0			
T	45.624734909	9.282411707	187.0			
T	45.624753647	9.282405037	187.0			
T	45.624775360	9.282394228	187.0			
T	45.624805754	9.282385748	187.0			
T	45.624833590	9.282375907	187.0			
T	45.624865217	9.282359347	187.0			
T	45.624892849	9.282346880	187.0			
T	45.624920630	9.282336603	187.0			
T	45.624951689	9.282325696	187.0			
T	45.624983815	9.282310610	187.0			
T	45.625003548	9.282303425	187.0			
T	45.625038377	9.282290678	187.0			
T	45.625067882	9.282278190	187.0			
T	45.625104659	9.282264360	187.0			
T	45.625141236	9.282250261	187.0			
T	45.625176074	9.282241613	187.0			
T	45.625204551	9.282231047	187.0			
T	45.625234693	9.282217950	187.0			
T	45.625268993	9.282203443	187.0			
T	45.625298247	9.282194923	187.0			
T	45.625331514	9.282182154	187.0			
T	45.625354770	9.282172373	187.1			
T	45.625380448	9.282163944	187.1			
T	45.625406342	9.282155190	187.1			
T	45.625435002	9.282144888	187.2			
T	45.625462984	9.282132826	187.2			
T	45.625492088	9.282122531	187.3			
T	45.625523535	9.282112283	187.3			
T	45.625562183	9.282100288	187.5			
T	45.625600482	9.282090753	187.6			
T	45.625654875	9.282076801	187.7			
T	45.625688800	9.282069898	187.8			
T	45.625721834	9.282061935	187.8			
T	45.625752545	9.282055848	187.9			
T	45.625783406	9.282049622	187.9			
T	45.625826139	9.282042489	188.0			
T	45.625858894	9.282039673	188.1			
T	45.625901081	9.282036735	188.2			
T	45.625963197	9.282031199	188.3			
T	45.626023699	9.282021746	188.5			
T	45.626070781	9.282022281	188.6			
T	45.626157392	9.282024492	188.6			
T	45.626206204	9.282025454	188.5			
T	45.626245549	9.282027432	188.4			
T	45.626278915	9.282031207	188.3			
T	45.626316731	9.282036127	188.2			
T	45.626359072	9.282040651	188.1			
T	45.626394350	9.282043674	188.0			
T	45.626429829	9.282048823	188.0			
T	45.626463769	9.282052499	188.0			
T	45.626493979	9.282054246	188.0			
T	45.626527744	9.282058189	188.0			
T	45.626569018	9.282064196	188.0			
T	45.626618044	9.282069634	188.0			
T	45.626661862	9.282075748	188.0			
T	45.626710981	9.282081734	188.0			
T	45.626758101	9.282086110	188.0			
T	45.626817141	9.282091488	188.0			
T	45.626871204	9.282098352	188.0			
T	45.626921261	9.282106126	188.0			
T	45.626966941	9.282110775	188.0			
T	45.627019960	9.282116932	188.0			
T	45.627072422	9.282121490	188.0			
T	45.627120037	9.282129390	188.0			
T	45.627176340	9.282135928	188.0			
T	45.627230548	9.282142810	188.0			
T	45.627283255	9.282148752	188.2			
T	45.627348186	9.282153051	188.3			
T	45.627417131	9.282164597	188.6			
T	45.627485979	9.282172814	188.8			
T	45.627545151	9.282185408	188.9			
T	45.627606605	9.282199703	188.9			
T	45.627651936	9.282216014	189.0			
T	45.627701733	9.282229440	189.0			
T	45.627732498	9.282242066	188.9			
T	45.627765809	9.282250447	188.9			
T	45.627803947	9.282264389	188.9			
T	45.627842660	9.282278080	188.8			
T	45.627881624	9.282297459	188.8			
T	45.627911193	9.282309592	188.8			
T	45.627942112	9.282324608	188.8			
T	45.627979412	9.282343144	188.9			
T	45.628019144	9.282361641	188.9			
T	45.628055525	9.282379306	189.0			
T	45.628105999	9.282408893	189.1			
T	45.628169791	9.282444853	189.3			
T	45.628246732	9.282491540	189.7			
T	45.628318058	9.282538621	189.7			
T	45.628388810	9.282594625	189.3			
T	45.628470338	9.282658706	188.9			
T	45.628547768	9.282723620	188.9			
T	45.628622806	9.282796745	189.0			
T	45.628689006	9.282865851	189.0			
T	45.628766899	9.282952001	189.0			
T	45.628829168	9.283018899	189.0			
T	45.628876490	9.283072220	189.0			
T	45.628922889	9.283133931	189.0			
T	45.628958463	9.283187438	189.1			
T	45.629005161	9.283242552	189.3			
T	45.629037104	9.283306230	189.5			
T	45.629079696	9.283365450	189.6			
T	45.629123393	9.283437268	189.5			
T	45.629169874	9.283514542	189.4			
T	45.629219897	9.283593604	189.2			
T	45.629257756	9.283662421	189.5			
T	45.629294801	9.283738743	189.7			
T	45.629327742	9.283806009	189.9			
T	45.629360618	9.283871821	190.0			
T	45.629391640	9.283934892	190.0			
T	45.629418583	9.283995274	190.0			
T	45.629451548	9.284074340	190.0			
T	45.629476800	9.284136396	190.0			
T	45.629503277	9.284197127	190.0			
T	45.629525060	9.284258463	190.0			
T	45.629550423	9.284320654	190.0			
T	45.629577676	9.284393067	190.0			
T	45.629600481	9.284457887	190.0			
T	45.629620529	9.284512120	190.0			
T	45.629635921	9.284571167	190.0			
T	45.629662590	9.284642503	190.0			
T	45.629681002	9.284706769	190.0			
T	45.629724783	9.284855839	190.0			
T	45.629770832	9.285030644	190.0			
T	45.629811316	9.285210774	190.0			
T	45.629843850	9.285339669	190.0			
T	45.629865001	9.285469305	190.0			
T	45.629884524	9.285596953	190.1			
T	45.629910245	9.285758462	190.2			
T	45.629924603	9.285865808	190.3			
T	45.629934953	9.285969852	190.2			
T	45.629944541	9.286048396	190.2			
T	45.629951406	9.286123091	190.2			
T	45.629954260	9.286195221	190.2			
T	45.629964626	9.286277548	190.1			
T	45.629969214	9.286355998	190.1			
T	45.629975671	9.286431854	190.1			
T	45.629981018	9.286542073	190.1			
T	45.629984358	9.286615024	190.1			
T	45.629988714	9.286688327	190.1			
T	45.629990783	9.286766408	190.4			
T	45.629997761	9.286848969	190.7			
T	45.630002281	9.286917137	190.9			
T	45.630004302	9.286980563	191.0			
T	45.630012808	9.287108329	191.0			
T	45.630018429	9.287209200	191.1			
T	45.630023944	9.287288444	191.1			
T	45.630028227	9.287382204	191.1			
T	45.630034877	9.287471055	191.1			
T	45.630038200	9.287548119	191.1			
T	45.630042899	9.287628056	191.2			
T	45.630048423	9.287719593	191.2			
T	45.630054254	9.287799466	191.2			
T	45.630056834	9.287873431	191.2			
T	45.630060980	9.287953809	191.2			
T	45.630064169	9.288011359	191.2			
T	45.630068272	9.288069947	191.2			
T	45.630073320	9.288127986	191.3			
T	45.630076627	9.288183252	191.3			
T	45.630079072	9.288243355	191.3			
T	45.630082266	9.288311764	191.3			
T	45.630086547	9.288384274	191.3			
T	45.630089919	9.288448711	191.3			
T	45.630093544	9.288511369	191.3			
T	45.630096846	9.288563699	191.3			
T	45.630100178	9.288630096	191.4			
T	45.630104868	9.288687619	191.4			
T	45.630107587	9.288749148	191.4			
T	45.630112078	9.288815708	191.4			
T	45.630114931	9.288881962	191.4			
T	45.630119136	9.288950587	191.4			
T	45.630123850	9.289018310	191.4			
T	45.630126535	9.289084746	191.5			
T	45.630131327	9.289146213	191.5			
T	45.630131502	9.289202837	191.4			
T	45.630135360	9.289265288	191.3			
T	45.630137128	9.289321438	191.2			
T	45.630139430	9.289385418	191.1			
T	45.630142941	9.289449129	191.0			
T	45.630144989	9.289505163	191.1			
T	45.630147221	9.289567635	191.2			
T	45.630151166	9.289637485	191.4			
T	45.630152598	9.289705925	191.5			
T	45.630154302	9.289768855	191.5			
T	45.630157148	9.289824289	191.4			
T	45.630158409	9.289867371	191.3			
T	45.630159719	9.289915697	191.2			
T	45.630164166	9.289962981	191.1			
T	45.630164922	9.290004285	191.0			
T	45.630165431	9.290054482	191.0			
T	45.630167506	9.290107445	191.0			
T	45.630172383	9.290157713	191.0			
T	45.630172386	9.290218074	191.0			
T	45.630174265	9.290278981	191.0			
T	45.630178104	9.290345373	191.0			
T	45.630179257	9.290407845	191.0			
T	45.630181176	9.290479703	191.0			
T	45.630187010	9.290546583	191.0			
T	45.630187678	9.290610711	191.0			
T	45.630190837	9.290680122	191.0			
T	45.630194330	9.290732329	191.0			
T	45.630195000	9.290766413	191.0			
T	45.630197379	9.290800001	191.0			
T	45.630197290	9.290833620	191.0			
T	45.630197348	9.290866363	191.0			
T	45.630198346	9.290897263	191.0			
T	45.630199265	9.290925802	191.0			
T	45.630201215	9.290955071	191.0			
T	45.630203783	9.290984427	191.0			
T	45.630201878	9.291007691	191.0			
T	45.630204617	9.291034730	191.0			
T	45.630204706	9.291057856	191.0			
T	45.630204707	9.291076858	191.0			
T	45.630204726	9.291101644	191.0			
T	45.630206743	9.291123238	191.0			
T	45.630208774	9.291141617	191.0			
T	45.630208185	9.291159840	191.0			
T	45.630209383	9.291174467	191.0			
T	45.630209555	9.291189894	191.0			
T	45.630209545	9.291205810	191.0			
T	45.630209991	9.291220625	191.0			
T	45.630210883	9.291236795	191.0			
T	45.630210835	9.291255179	191.0			
T	45.630212476	9.291269304	191.0			
T	45.630214059	9.291283826	191.0			
T	45.630215032	9.291297755	191.0			
T	45.630217205	9.291315416	191.0			
T	45.630219651	9.291332305	191.0			
T	45.630222420	9.291346357	191.0			
T	45.630227727	9.291359864	191.0			
T	45.630232813	9.291372342	191.0			
T	45.630239496	9.291382031	191.0			
T	45.630249174	9.291395740	191.0			
T	45.630262722	9.291406456	191.0			
T	45.630277296	9.291416860	191.0			
T	45.630291664	9.291425888	191.0			
T	45.630310002	9.291433125	191.1			
T	45.630326261	9.291440297	191.1			
T	45.630338554	9.291444933	191.2			
T	45.630351608	9.291450598	191.2			
T	45.630364294	9.291456044	191.2			
T	45.630377678	9.291462249	191.3			
T	45.630391823	9.291468821	191.3			
T	45.630406393	9.291476320	191.3			
T	45.630420686	9.291483002	191.3			
T	45.630434474	9.291489763	191.4			
T	45.630457253	9.291498753	191.4			
T	45.630472303	9.291504993	191.4			
T	45.630487558	9.291511829	191.4			
T	45.630499393	9.291516963	191.4			
T	45.630510524	9.291524621	191.4			
T	45.630520103	9.291530743	191.4			
T	45.630530091	9.291537997	191.4			
T	45.630538053	9.291544557	191.4			
T	45.630545196	9.291551531	191.4			
T	45.630552992	9.291559726	191.4			
T	45.630561500	9.291570022	191.4			
T	45.630569499	9.291581070	191.3			
T	45.630577996	9.291593657	191.3			
T	45.630584828	9.291607807	191.3			
T	45.630593174	9.291623319	191.3			
T	45.630600250	9.291644910	191.2			
T	45.630605717	9.291665303	191.2			
T	45.630608414	9.291683502	191.2			
T	45.630611511	9.291700114	191.2			
T	45.630613086	9.291717953	191.2			
T	45.630615672	9.291738974	191.2			
T	45.630618638	9.291761567	191.2			
T	45.630624364	9.291779696	191.1			
T	45.630626727	9.291797518	191.1			
T	45.630629478	9.291817072	191.1			
T	45.630631790	9.291836614	191.1			
T	45.630633566	9.291853122	191.1			
T	45.630636168	9.291871260	191.1			
T	45.630637548	9.291881893	191.1			
T	45.630638936	9.291895556	191.1			
T	45.630640799	9.291909220	191.0			
T	45.630641725	9.291924410	191.0			
T	45.630644513	9.291939462	191.0			
T	45.630645460	9.291955262	191.0			
T	45.630647934	9.291974951	191.0			
T	45.630651932	9.291992251	191.0			
T	45.630654136	9.292018094	191.0			
T	45.630661799	9.292083975	191.0			
T	45.630671055	9.292135792	191.0			
T	45.630679644	9.292186423	191.0			
T	45.630684655	9.292229724	191.0			
T	45.630693862	9.292278319	190.9			
T	45.630698689	9.292317606	190.8			
T	45.630707487	9.292358402	190.8			
T	45.630713989	9.292397021	190.7			
T	45.630725094	9.292464041	190.7			
T	45.630733812	9.292512924	190.6			
T	45.630744123	9.292561388	190.7			
T	45.630754340	9.292625981	190.7			
T	45.630763861	9.292667578	190.8			
T	45.630773132	9.292725960	190.8			
T	45.630784587	9.292780908	190.8			
T	45.630814633	9.292902708	190.5			
T	45.630835927	9.292984011	190.3			
T	45.630860339	9.293076838	190.0			
T	45.630876345	9.293160963	190.0			
T	45.630894453	9.293228534	190.0			
T	45.630907337	9.293291341	190.0			
T	45.630923518	9.293362655	190.0			
T	45.630955662	9.293495389	190.0			
T	45.630980720	9.293603322	190.0			
T	45.631008264	9.293712727	190.0			
T	45.631037486	9.293844447	190.0			
T	45.631068979	9.293964816	190.0			
T	45.631095480	9.294090280	190.0			
T	45.631114263	9.294171293	190.0			
T	45.631138342	9.294272267	190.0			
T	45.631163069	9.294373358	190.0			
T	45.631182219	9.294459790	190.0			
T	45.631200563	9.294542105	190.0			
T	45.631220086	9.294627394	190.0			
T	45.631237006	9.294702340	190.0			
T	45.631252019	9.294760779	189.9			
T	45.631264988	9.294815160	189.9			
T	45.631278820	9.294878784	189.8			
T	45.631285553	9.294914698	189.7			
T	45.631295419	9.294954313	189.7			
T	45.631306456	9.294997852	189.7			
T	45.631319934	9.295048792	189.8			
T	45.631330245	9.295095072	189.8			
T	45.631342600	9.295151418	189.8			
T	45.631354752	9.295203501	189.9			
T	45.631364077	9.295248101	189.9			
T	45.631375349	9.295302880	190.0			
T	45.631386818	9.295355560	190.0			
T	45.631397929	9.295413041	190.0			
T	45.631408531	9.295481553	190.0			
T	45.631414913	9.295544645	190.0			
T	45.631417542	9.295607763	190.0			
T	45.631418003	9.295676885	190.0			
T	45.631413430	9.295741604	189.9			
T	45.631409045	9.295787674	189.9			
T	45.631404737	9.295822145	189.9			
T	45.631398802	9.295861269	190.0			
T	45.631389970	9.295912035	190.0			
T	45.631380516	9.295953400	190.0			
T	45.631371051	9.295990576	189.9			
T	45.631358719	9.296028713	189.9			
T	45.631351468	9.296060150	189.9			
T	45.631341991	9.296087743	189.8			
T	45.631331172	9.296116799	189.8			
T	45.631321635	9.296142716	189.8			
T	45.631310976	9.296166510	189.7			
T	45.631295174	9.296197811	189.7			
T	45.631276378	9.296235742	189.6			
T	45.631260824	9.296268468	189.5			
T	45.631246527	9.296289496	189.5			
T	45.631223344	9.296325587	189.4			
T	45.631203780	9.296354563	189.3			
T	45.631181801	9.296383899	189.3			
T	45.631163094	9.296408155	189.2			
T	45.631140015	9.296435949	189.1			
T	45.631118184	9.296457838	189.0			
T	45.631099356	9.296481174	189.0			
T	45.631072288	9.296503603	188.9			
T	45.631046532	9.296525286	188.9			
T	45.631020817	9.296544458	188.8			
T	45.630997304	9.296562341	188.7			
T	45.630969208	9.296579337	188.7			
T	45.630946251	9.296592338	188.6			
T	45.630921415	9.296603380	188.5			
T	45.630903548	9.296611233	188.4			
T	45.630885035	9.296618433	188.3			
T	45.630867928	9.296626380	188.3			
T	45.630854215	9.296633990	188.2			
T	45.630839992	9.296642059	188.1			
T	45.630822319	9.296648885	188.1			
T	45.630808441	9.296652625	188.1			
T	45.630793342	9.296656573	188.0			
T	45.630762466	9.296661495	188.0			
T	45.630734440	9.296667340	188.0			
T	45.630705042	9.296672244	188.0			
T	45.630674821	9.296676241	188.0			
T	45.630643409	9.296679402	188.0			
T	45.630614999	9.296683552	188.1			
T	45.630590019	9.296686022	188.1			
T	45.630563420	9.296690978	188.1			
T	45.630543688	9.296693634	188.1			
T	45.630517257	9.296697912	188.1			
T	45.630480283	9.296701697	188.1			
T	45.630453850	9.296702926	188.1			
T	45.630422403	9.296708315	188.1			
T	45.630390046	9.296712444	188.1			
T	45.630361135	9.296715267	188.1			
T	45.630337627	9.296718209	188.0			
T	45.630317282	9.296721490	188.0			
T	45.630298605	9.296726045	188.0			
T	45.630262373	9.296730445	188.0			
T	45.630229585	9.296733412	188.0			
T	45.630191734	9.296737693	188.0			
T	45.630160959	9.296743064	188.0			
T	45.630135581	9.296746199	188.0			
T	45.630110779	9.296749272	188.0			
T	45.630081132	9.296754201	188.0			
T	45.630047639	9.296757395	188.0			
T	45.630016950	9.296762029	188.0			
T	45.629987238	9.296765141	188.0			
T	45.629959329	9.296767966	188.0			
T	45.629933473	9.296770040	188.0			
T	45.629907123	9.296774251	188.0			
T	45.629879299	9.296775225	188.0			
T	45.629855598	9.296774858	188.0			
T	45.629829654	9.296775594	188.0			
T	45.629805217	9.296776597	188.0			
T	45.629781281	9.296776308	188.0			
T	45.629745319	9.296780831	188.0			
T	45.629692557	9.296788194	188.0			
T	45.629636989	9.296794586	188.0			
T	45.629588682	9.296800675	188.0			
T	45.629547386	9.296806956	188.0			
T	45.629514607	9.296810393	188.0			
T	45.629486836	9.296812498	188.0			
T	45.629464547	9.296818713	188.0			
T	45.629441310	9.296819848	188.0			
T	45.629420084	9.296823307	188.0			
T	45.629395503	9.296828102	188.0			
T	45.629343550	9.296835885	188.0			
T	45.629278744	9.296840679	188.0			
T	45.629229324	9.296848551	188.0			
T	45.629179768	9.296855702	188.0			
T	45.629128758	9.296862105	188.0			
T	45.629078983	9.296868795	187.9			
T	45.629029839	9.296872870	187.9			
T	45.628984976	9.296881000	187.9			
T	45.628934582	9.296886021	187.8			
T	45.628867430	9.296895378	187.8			
T	45.628806816	9.296907057	187.9			
T	45.628747845	9.296912289	187.9			
T	45.628704547	9.296920462	187.9			
T	45.628656769	9.296925107	187.9			
T	45.628611170	9.296926286	187.9			
T	45.628573387	9.296924294	187.9			
T	45.628546592	9.296916727	187.9			
T	45.628533591	9.296911581	187.9			
T	45.628517125	9.296907305	187.9			
T	45.628497644	9.296900096	187.8			
T	45.628485392	9.296892862	187.8			
T	45.628472224	9.296885983	187.8			
T	45.628461060	9.296878945	187.8			
T	45.628451368	9.296872150	187.7			
T	45.628443952	9.296865487	187.7			
T	45.628433031	9.296858890	187.7			
T	45.628421960	9.296849719	187.7			
T	45.628414124	9.296840204	187.6			
T	45.628405769	9.296832736	187.6			
T	45.628396928	9.296823682	187.6			
T	45.628389367	9.296813649	187.5			
T	45.628382060	9.296805876	187.5			
T	45.628375357	9.296797901	187.5			
T	45.628369301	9.296790044	187.4			
T	45.628362568	9.296781232	187.4			
T	45.628349792	9.296763221	187.3			
T	45.628339511	9.296744005	187.3			
T	45.628328326	9.296726021	187.2			
T	45.628318694	9.296710355	187.2			
T	45.628306322	9.296694623	187.2			
T	45.628296397	9.296676570	187.2			
T	45.628287410	9.296657873	187.2			
T	45.628278912	9.296634738	187.2			
T	45.628269423	9.296613224	187.2			
T	45.628261169	9.296590145	187.3			
T	45.628251082	9.296564707	187.3			
T	45.628241150	9.296540019	187.3			
T	45.628226433	9.296505902	187.4			
T	45.628214473	9.296475079	187.4			
T	45.628205036	9.296448888	187.5			
T	45.628195124	9.296424919	187.5			
T	45.628184308	9.296399450	187.5			
T	45.628173869	9.296371287	187.5			
T	45.628165251	9.296344608	187.5			
T	45.628152703	9.296307721	187.5			
T	45.628131087	9.296248476	187.4			
T	45.628104851	9.296186783	187.2			
T	45.628084246	9.296133546	187.1			
T	45.628066312	9.296082040	187.0			
T	45.628048348	9.296036285	187.0			
T	45.628025314	9.295981295	187.1			
T	45.628005647	9.295933387	187.2			
T	45.627987633	9.295886912	187.2			
T	45.627967871	9.295835946	187.3			
T	45.627952358	9.295793525	187.3			
T	45.627938010	9.295755754	187.3			
T	45.627923537	9.295721550	187.3			
T	45.627911666	9.295694841	187.3			
T	45.627885805	9.295624671	187.2			
T	45.627860504	9.295562005	187.0			
T	45.627838789	9.295506846	187.0			
T	45.627817528	9.295440645	187.0			
T	45.627803825	9.295383828	187.0			
T	45.627758985	9.295263746	187.0			
T	45.627712536	9.295148090	187.0			
T	45.627678311	9.295063081	187.0			
T	45.627648534	9.294983810	187.0			
T	45.627606369	9.294875735	187.0			
T	45.627560219	9.294749785	187.0			
T	45.627333078	9.294162175	187.0			
T	45.627191693	9.293792631	187.0			
T	45.627137581	9.293670821	187.0			
T	45.627086949	9.293539745	187.0			
T	45.627042208	9.293418879	187.0			
T	45.626995811	9.293297247	187.0			
T	45.626959253	9.293209697	187.0			
T	45.626898684	9.293046588	187.0			
T	45.626866103	9.292963905	187.0			
T	45.626804791	9.292825048	187.0			
T	45.626783241	9.292767237	187.0			
T	45.626538414	9.292248689	187.5			
T	45.626385367	9.291972071	187.0			
T	45.626354536	9.291915530	187.0			
T	45.626314708	9.291850033	187.0			
T	45.626285090	9.291799852	187.0			
T	45.626241294	9.291725922	187.0			
T	45.626212032	9.291674549	187.0			
T	45.626108761	9.291510233	186.4			
T	45.625999584	9.291342446	186.0			
T	45.625919656	9.291204785	186.0			
T	45.625753599	9.290929659	186.0			
T	45.625537013	9.290573328	186.0			
T	45.625508286	9.290526613	186.0			
T	45.625477921	9.290474926	186.0			
T	45.625356993	9.290282123	186.0			
T	45.625219727	9.290061113	186.1			
T	45.625201221	9.290028963	185.9			
T	45.625159507	9.289959558	185.4			
T	45.625132924	9.289917840	185.2			
T	45.625107852	9.289876111	185.0			
T	45.625068519	9.289815287	184.7			
T	45.625036206	9.289759652	184.4			
T	45.624968691	9.289651100	185.0			
T	45.624950629	9.289617910	185.4			
T	45.624867985	9.289486818	185.5			
T	45.624637915	9.289114271	186.1			
T	45.624585234	9.289031605	185.3			
T	45.624544148	9.288961506	184.4			
T	45.624512475	9.288913436	183.6			
T	45.624479011	9.288858609	183.2			
T	45.624455799	9.288820273	183.4			
T	45.624424000	9.288769506	184.2			
T	45.624411089	9.288747086	184.6			
T	45.624252480	9.288488320	185.2			
T	45.624247131	9.288479184	185.2			
T	45.623879074	9.287885375	185.2			
T	45.623779846	9.287721902	185.8			
T	45.623755301	9.287686029	185.8			
T	45.623702908	9.287599490	186.0			
T	45.623628029	9.287480345	186.1			
T	45.623554178	9.287358422	186.3			
T	45.623476703	9.287236782	186.0			
T	45.623449525	9.287191761	185.9			
T	45.623424652	9.287151141	185.8			
T	45.623396937	9.287110902	185.8			
T	45.623354108	9.287035138	185.8			
T	45.623302511	9.286953135	186.0			
T	45.623257985	9.286878498	185.9			
T	45.623221497	9.286821980	185.8			
T	45.623190963	9.286771513	185.7			
T	45.623161019	9.286721762	185.5			
T	45.623139183	9.286685534	185.3			
T	45.623118048	9.286650942	185.3			
T	45.623095370	9.286613599	185.3			
T	45.623072559	9.286576505	185.4			
T	45.623051833	9.286546709	185.4			
T	45.623035918	9.286518420	185.5			
T	45.623018379	9.286486300	185.6			
T	45.623002791	9.286462533	185.6			
T	45.622983714	9.286430944	185.7			
T	45.622968153	9.286405182	185.7			
T	45.622954665	9.286384189	185.6			
T	45.622939356	9.286357316	185.6			
T	45.622924939	9.286334192	185.6			
T	45.622903556	9.286300153	185.6			
T	45.622881430	9.286265591	185.7			
T	45.622862806	9.286234125	185.7			
T	45.622846590	9.286207883	185.7			
T	45.622831087	9.286183658	185.8			
T	45.622817404	9.286160768	185.8			
T	45.622806121	9.286141790	185.9			
T	45.622796300	9.286124450	186.0			
T	45.622785554	9.286108774	186.0			
T	45.622774747	9.286092031	186.0			
T	45.622766543	9.286077201	186.0			
T	45.622758057	9.286060257	185.9			
T	45.622741649	9.286036959	185.9			
T	45.622730877	9.286018290	185.9			
T	45.622717530	9.285997656	185.9			
T	45.622698339	9.285976134	185.9			
T	45.622671346	9.285955969	185.8			
T	45.622641920	9.285941912	185.8			
T	45.622615308	9.285935542	185.8			
T	45.622590251	9.285935044	185.8			
T	45.622562200	9.285936835	185.7			
T	45.622538842	9.285940219	185.7			
T	45.622516926	9.285945501	185.6			
T	45.622493809	9.285948773	185.6			
T	45.622461695	9.285955503	185.5			
T	45.622427013	9.285962517	185.4			
T	45.622397731	9.285967141	185.3			
T	45.622370171	9.285972891	185.3			
T	45.622346256	9.285975701	185.2			
T	45.622310639	9.285982685	185.1			
T	45.622280936	9.285987377	185.1			
T	45.622252113	9.285991101	185.0			
T	45.622223051	9.285994648	185.0			
T	45.622198754	9.285996567	185.0			
T	45.622174427	9.285996910	185.0			
T	45.622153410	9.285996502	185.0			
T	45.622123599	9.285994528	185.0			
T	45.622091628	9.285990882	185.0			
T	45.622064560	9.285987925	185.0			
T	45.622042599	9.285984125	185.0			
T	45.622024779	9.285981651	185.0			
T	45.622007948	9.285978428	185.0			
T	45.621985509	9.285974117	185.0			
T	45.621968984	9.285970955	185.0			
T	45.621953967	9.285967102	185.0			
T	45.621935004	9.285962998	185.0			
T	45.621908360	9.285954744	185.0			
T	45.621883086	9.285946001	185.0			
T	45.621856005	9.285936070	185.0			
T	45.621833905	9.285925875	185.0			
T	45.621808380	9.285913348	185.0			
T	45.621785409	9.285899050	185.0			
T	45.621761067	9.285886821	185.0			
T	45.621717397	9.285858508	185.0			
T	45.621687593	9.285839185	185.0			
T	45.621656603	9.285814029	185.0			
T	45.621631198	9.285793047	185.0			
T	45.621607937	9.285773115	185.0			
T	45.621587753	9.285755459	185.0			
T	45.621569074	9.285736913	185.0			
T	45.621550323	9.285717410	185.0			
T	45.621527841	9.285693679	185.0			
T	45.621509500	9.285673329	185.0			
T	45.621488638	9.285648712	185.0			
T	45.621470481	9.285626712	185.0			
T	45.621455235	9.285607123	185.0			
T	45.621438384	9.285584393	185.0			
T	45.621426038	9.285565988	185.0			
T	45.621412756	9.285544821	185.0			
T	45.621399242	9.285523954	185.0			
T	45.621385221	9.285502159	185.0			
T	45.621373678	9.285483419	185.0			
T	45.621360703	9.285465324	185.0			
T	45.621349837	9.285453506	185.0			
T	45.621340181	9.285437952	185.0			
T	45.621331297	9.285421105	185.0			
T	45.621321114	9.285403058	185.0			
T	45.621313637	9.285387554	185.0			
T	45.621306068	9.285373491	185.0			
T	45.621295426	9.285353993	185.0			
T	45.621284046	9.285331843	185.0			
T	45.621274376	9.285314594	185.0			
T	45.621266677	9.285299785	185.0			
T	45.621261079	9.285285037	185.0			
T	45.621256461	9.285273995	185.0			
T	45.621251920	9.285262389	185.0			
T	45.621247412	9.285249125	185.0			
T	45.621239417	9.285234379	185.0			
T	45.621229312	9.285216717	185.0			
T	45.621219345	9.285199862	185.0			
T	45.621208952	9.285186860	185.0			
T	45.621199718	9.285175731	185.0			
T	45.621187826	9.285163047	185.0			
T	45.621176362	9.285152791	185.0			
T	45.621165493	9.285143774	185.0			
T	45.621153490	9.285134279	185.0			
T	45.621141023	9.285127394	185.0			
T	45.621127320	9.285120753	185.0			
T	45.621116361	9.285114955	185.0			
T	45.621106109	9.285110522	185.0			
T	45.621096506	9.285107296	185.0			
T	45.621080602	9.285103531	184.9			
T	45.621066448	9.285099490	184.9			
T	45.621051263	9.285096279	184.9			
T	45.621034435	9.285094311	184.8			
T	45.621019620	9.285091467	184.8			
T	45.621004593	9.285087576	184.7			
T	45.620980634	9.285082846	184.7			
T	45.620958819	9.285077338	184.6			
T	45.620939556	9.285073291	184.5			
T	45.620918981	9.285068716	184.5			
T	45.620882152	9.285062043	184.4			
T	45.620849477	9.285054906	184.2			
T	45.620818129	9.285048754	184.2			
T	45.620793722	9.285043937	184.1			
T	45.620765708	9.285038852	184.1			
T	45.620745355	9.285034034	184.1			
T	45.620728705	9.285030687	184.1			
T	45.620688096	9.285021983	184.0			
T	45.620653548	9.285015245	184.0			
T	45.620619884	9.285008645	184.0			
T	45.620583202	9.285000426	184.0			
T	45.620548210	9.284993004	184.0			
T	45.620483510	9.284980032	184.0			
T	45.620427618	9.284966964	184.0			
T	45.620379536	9.284957107	184.0			
T	45.620344181	9.284949635	184.0			
T	45.620313681	9.284943101	184.0			
T	45.620262024	9.284933163	183.9			
T	45.620208994	9.284922443	183.8			
T	45.620159573	9.284912361	183.6			
T	45.620127609	9.284906393	183.5			
T	45.620093217	9.284900167	183.3			
T	45.620060737	9.284892870	183.2			
T	45.620036260	9.284887331	183.1			
T	45.620010306	9.284883256	183.0			
T	45.619945140	9.284872671	183.0			
T	45.619887716	9.284862639	183.0			
T	45.619836693	9.284854373	183.0			
T	45.619789750	9.284845671	183.0			
T	45.619741217	9.284838067	183.0			
T	45.619688757	9.284830304	183.0			
T	45.619644080	9.284824086	183.0			
T	45.619585463	9.284815585	183.0			
T	45.619539006	9.284805931	183.0			
T	45.619499849	9.284800414	183.0			
T	45.619443312	9.284792811	183.0			
T	45.619385702	9.284783866	183.0			
T	45.619352407	9.284778696	183.0			
T	45.619324951	9.284774680	183.0			
T	45.619288011	9.284769087	183.0			
T	45.619260890	9.284764833	183.0			
T	45.619229432	9.284760373	183.0			
T	45.619203359	9.284756877	183.0			
T	45.619131404	9.284746584	182.9			
T	45.619074144	9.284738213	182.7			
T	45.619022307	9.284729500	182.5			
T	45.618970789	9.284722065	182.3			
T	45.618920659	9.284716743	182.1			
T	45.618859996	9.284706485	182.0			
T	45.618815515	9.284700273	182.0			
T	45.618780482	9.284694190	182.0			
T	45.618747089	9.284689562	182.0			
T	45.618598333	9.284668238	182.0			
T	45.618555717	9.284661146	182.0			
T	45.618519306	9.284655504	182.0			
T	45.618455011	9.284646423	182.0			
T	45.618399114	9.284638322	182.0			
T	45.618349502	9.284630980	182.0			
T	45.618299356	9.284622360	182.0			
T	45.618261610	9.284616984	182.0			
T	45.618233024	9.284614572	182.0			
T	45.618203303	9.284608166	182.0			
T	45.618175197	9.284604357	182.0			
T	45.618146732	9.284599815	182.0			
T	45.618111189	9.284594782	182.0			
T	45.618032423	9.284582025	182.0			
T	45.617961813	9.284572987	182.0			
T	45.617898014	9.284563574	182.0			
T	45.617846123	9.284554276	182.0			
T	45.617801145	9.284548424	182.0			
T	45.617751513	9.284541594	182.0			
T	45.617660540	9.284527702	182.0			
T	45.617583033	9.284516593	182.0			
T	45.617511405	9.284504564	182.0			
T	45.617449681	9.284496447	181.8			
T	45.617378247	9.284484395	181.6			
T	45.617328997	9.284475947	181.4			
T	45.617281228	9.284469258	181.2			
T	45.617233998	9.284462525	181.0			
T	45.617187731	9.284456646	181.0			
T	45.617096722	9.284443298	181.0			
T	45.617012284	9.284429378	181.0			
T	45.616919904	9.284416481	181.0			
T	45.616843862	9.284405635	181.0			
T	45.616770592	9.284395337	181.0			
T	45.616670618	9.284380172	181.0			
T	45.616554290	9.284365791	181.0			
T	45.616447822	9.284348979	181.0			
T	45.616369384	9.284334932	181.0			
T	45.616308675	9.284326859	181.0			
T	45.616227674	9.284313902	181.0			
T	45.616168371	9.284306477	181.0			
T	45.616112367	9.284296561	181.0			
T	45.615969244	9.284275783	181.0			
T	45.615915156	9.284266475	181.0			
T	45.615870987	9.284261052	181.0			
T	45.615827123	9.284254192	181.0			
T	45.615718184	9.284238779	181.0			
T	45.615638139	9.284224652	181.0			
T	45.615527819	9.284211491	180.9			
T	45.615466265	9.284201607	180.7			
T	45.615408947	9.284191937	180.5			
T	45.615354160	9.284184662	180.3			
T	45.615308937	9.284180463	180.1			
T	45.615238761	9.284169282	180.0			
T	45.615164611	9.284156836	180.0			
T	45.615097729	9.284146832	180.0			
T	45.615015102	9.284135890	180.0			
T	45.614941065	9.284124832	180.0			
T	45.614858673	9.284111419	180.0			
T	45.614776445	9.284100983	180.0			
T	45.614708757	9.284090132	180.0			
T	45.614639199	9.284079841	180.0			
T	45.614564547	9.284069163	180.0			
T	45.614516443	9.284062352	180.0			
T	45.614462038	9.284054882	180.0			
T	45.614368531	9.284041388	180.0			
T	45.614298992	9.284029749	180.0			
T	45.614221424	9.284018309	180.0			
T	45.614155156	9.284008606	180.0			
T	45.614078323	9.283998466	180.0			
T	45.614007890	9.283986913	180.0			
T	45.613946454	9.283977870	180.0			
T	45.613902460	9.283971366	180.0			
T	45.613842371	9.283963478	179.9			
T	45.613792984	9.283956187	179.7			
T	45.613747991	9.283947667	179.6			
T	45.613708064	9.283942679	179.5			
T	45.613677195	9.283938131	179.4			
T	45.613643936	9.283932431	179.3			
T	45.613610792	9.283927610	179.1			
T	45.613551178	9.283917921	179.1			
T	45.613493620	9.283908997	179.0			
T	45.613441584	9.283900782	179.0			
T	45.613385710	9.283892423	179.0			
T	45.613329603	9.283882705	179.0			
T	45.613278387	9.283876726	179.0			
T	45.613217894	9.283868563	179.0			
T	45.613168867	9.283862992	179.0			
T	45.613122708	9.283854983	179.0			
T	45.613080275	9.283850240	179.0			
T	45.613043920	9.283843402	179.0			
T	45.612998925	9.283836110	179.0			
T	45.612956568	9.283830481	179.0			
T	45.612921866	9.283823149	179.0			
T	45.612880237	9.283816772	179.0			
T	45.612839094	9.283810661	179.0			
T	45.612796957	9.283805367	179.0			
T	45.612755113	9.283799919	179.0			
T	45.612711034	9.283793523	179.0			
T	45.612673900	9.283788778	179.0			
T	45.612638271	9.283782590	179.0			
T	45.612606172	9.283779361	179.0			
T	45.612571410	9.283774423	179.0			
T	45.612547595	9.283769670	179.0			
T	45.612521529	9.283766423	179.0			
T	45.612499990	9.283764275	179.0			
T	45.612478141	9.283760744	179.0			
T	45.612448604	9.283755097	179.0			
T	45.612412189	9.283743906	179.0			
T	45.612387979	9.283735297	179.0			
T	45.612363142	9.283725155	179.0			
T	45.612342088	9.283715755	179.0			
T	45.612320159	9.283705396	179.0			
T	45.612302428	9.283697073	179.0			
T	45.612282823	9.283686666	179.0			
T	45.612268477	9.283677270	179.0			
T	45.612253696	9.283667973	179.0			
T	45.612239444	9.283658115	179.0			
T	45.612228220	9.283650429	179.0			
T	45.612217172	9.283640820	179.0			
T	45.612206617	9.283632714	179.0			
T	45.612195501	9.283624092	179.0			
T	45.612174710	9.283604059	179.0			
T	45.612157083	9.283586083	179.0			
T	45.612142140	9.283570709	179.0			
T	45.612126810	9.283555271	179.0			
T	45.612112988	9.283538430	179.0			
T	45.612100089	9.283523715	179.0			
T	45.612088820	9.283508325	179.0			
T	45.612077932	9.283492917	179.0			
T	45.612066350	9.283477673	179.0			
T	45.612055731	9.283462063	179.0			
T	45.612046307	9.283449394	179.0			
T	45.612034006	9.283430328	179.0			
T	45.612024802	9.283414295	179.0			
T	45.612015942	9.283400940	179.0			
T	45.612005776	9.283381740	179.0			
T	45.611996026	9.283364142	179.0			
T	45.611985098	9.283344722	179.0			
T	45.611976813	9.283329203	179.0			
T	45.611966279	9.283307240	179.0			
T	45.611955715	9.283287269	179.0			
T	45.611944872	9.283263861	179.0			
T	45.611937019	9.283245870	179.0			
T	45.611929477	9.283228551	179.0			
T	45.611920966	9.283210173	179.0			
T	45.611912556	9.283189052	178.9			
T	45.611903800	9.283169547	178.9			
T	45.611897727	9.283152262	178.9			
T	45.611889427	9.283130522	178.9			
T	45.611882984	9.283110647	178.8			
T	45.611872315	9.283076138	178.8			
T	45.611864207	9.283043684	178.7			
T	45.611857894	9.283014640	178.6			
T	45.611852591	9.282985829	178.5			
T	45.611847276	9.282962286	178.4			
T	45.611843526	9.282936254	178.4			
T	45.611838813	9.282907308	178.3			
T	45.611835052	9.282878334	178.2			
T	45.611830585	9.282845610	178.1			
T	45.611827434	9.282810746	178.1			
T	45.611824407	9.282780334	178.0			
T	45.611821412	9.282745670	178.0			
T	45.611819157	9.282715714	178.0			
T	45.611820175	9.282682432	178.0			
T	45.611818562	9.282645625	178.0			
T	45.611821466	9.282609524	178.0			
T	45.611823385	9.282570817	178.0			
T	45.611826151	9.282536131	178.0			
T	45.611829103	9.282497414	178.0			
T	45.611833561	9.282462299	178.0			
T	45.611839249	9.282426099	178.0			
T	45.611843998	9.282395967	178.0			
T	45.611848747	9.282369057	178.0			
T	45.611860197	9.282304800	178.0			
T	45.611866395	9.282276717	178.0			
T	45.611875661	9.282241030	178.0			
T	45.611882999	9.282205274	178.0			
T	45.611891604	9.282169966	178.0			
T	45.611901991	9.282135847	178.0			
T	45.611914126	9.282089699	178.0			
T	45.611925485	9.282049925	178.0			
T	45.611939309	9.282009550	178.0			
T	45.611954104	9.281967729	178.0			
T	45.611968211	9.281927200	178.0			
T	45.611983954	9.281884853	178.0			
T	45.611997516	9.281851709	178.0			
T	45.612011632	9.281812929	178.0			
T	45.612028041	9.281778842	178.0			
T	45.612044903	9.281742502	178.0			
T	45.612068973	9.281698030	178.0			
T	45.612085949	9.281663945	178.0			
T	45.612104731	9.281631904	178.0			
T	45.612123301	9.281600775	178.0			
T	45.612142834	9.281568346	178.0			
T	45.612165592	9.281532387	178.0			
T	45.612189224	9.281496367	178.0			
T	45.612207810	9.281471011	178.0			
T	45.612227152	9.281443622	178.0			
T	45.612247229	9.281415370	178.0			
T	45.612263360	9.281394589	178.0			
T	45.612281260	9.281370750	178.1			
T	45.612297278	9.281351612	178.2			
T	45.612313758	9.281330851	178.3			
T	45.612332515	9.281306960	178.4			
T	45.612351998	9.281285836	178.5			
T	45.612368442	9.281268234	178.7			
T	45.612387821	9.281247364	178.8			
T	45.612412052	9.281225812	179.0			
T	45.612434089	9.281202062	179.2			
T	45.612458289	9.281177872	179.4			
T	45.612478382	9.281159454	179.6			
T	45.612506244	9.281131321	179.9			
T	45.612532113	9.281108054	180.0			
T	45.612559224	9.281086027	180.0			
T	45.612588755	9.281062729	180.0			
T	45.612618835	9.281038815	180.0			
T	45.612654119	9.281013271	180.0			
T	45.612687455	9.280990097	180.0			
T	45.612727022	9.280963842	180.0			
T	45.612764137	9.280940364	180.0			
T	45.612796774	9.280921847	180.0			
T	45.612833860	9.280899880	180.0			
T	45.612863304	9.280884443	180.0			
T	45.612898812	9.280865273	180.0			
T	45.612946657	9.280843272	180.0			
T	45.612977518	9.280828767	180.0			
T	45.613003829	9.280814535	180.0			
T	45.613031236	9.280798568	180.0			
T	45.613051106	9.280789432	180.0			
T	45.613074691	9.280778130	180.0			
T	45.613096416	9.280767871	180.0			
T	45.613125378	9.280756763	180.0			
T	45.613155142	9.280746496	180.0			
T	45.613184817	9.280738806	180.0			
T	45.613206371	9.280731356	180.0			
T	45.613228613	9.280724696	180.0			
T	45.613248288	9.280717829	180.0			
T	45.613277457	9.280709234	180.0			
T	45.613297019	9.280704596	180.0			
T	45.613314056	9.280700002	180.0			
T	45.613343250	9.280694114	180.0			
T	45.613369289	9.280687578	180.0			
T	45.613400898	9.280680178	180.0			
T	45.613428272	9.280675800	180.0			
T	45.613457121	9.280668162	180.0			
T	45.613481667	9.280665286	180.0			
T	45.613505837	9.280662002	180.0			
T	45.613532810	9.280658937	180.0			
T	45.613564374	9.280653657	180.0			
T	45.613595283	9.280650626	180.0			
T	45.613621324	9.280646643	180.0			
T	45.613647225	9.280645843	180.0			
T	45.613676384	9.280643515	180.0			
T	45.613710793	9.280638605	180.0			
T	45.613744759	9.280638049	180.0			
T	45.613788427	9.280632772	180.0			
T	45.613828903	9.280632438	180.0			
T	45.613875684	9.280631110	180.0			
T	45.613927715	9.280631339	180.0			
T	45.613974718	9.280630957	180.0			
T	45.614013414	9.280628162	180.0			
T	45.614067762	9.280625845	180.0			
T	45.614124390	9.280624644	180.0			
T	45.614185571	9.280624569	180.0			
T	45.614211616	9.280624627	180.0			
T	45.614245583	9.280625427	180.0			
T	45.614278379	9.280627040	180.0			
T	45.614316160	9.280629520	180.0			
T	45.614353741	9.280630016	180.0			
T	45.614400924	9.280630926	180.0			
T	45.614444257	9.280633382	180.0			
T	45.614494227	9.280632430	180.0			
T	45.614547954	9.280632806	180.0			
T	45.614593996	9.280631114	180.0			
T	45.614646823	9.280630823	180.0			
T	45.614691398	9.280629597	180.0			
T	45.614741736	9.280628286	180.0			
T	45.614800036	9.280626020	180.1			
T	45.614850297	9.280623749	180.1			
T	45.614892340	9.280623875	180.2			
T	45.614934120	9.280623836	180.2			
T	45.614969993	9.280624009	180.2			
T	45.615024513	9.280623340	180.3			
T	45.615069220	9.280624959	180.4			
T	45.615120025	9.280624409	180.6			
T	45.615185041	9.280622297	180.7			
T	45.615251591	9.280621476	180.9			
T	45.615331796	9.280623575	181.0			
T	45.615393258	9.280626988	181.0			
T	45.615444533	9.280631126	181.0			
T	45.615485008	9.280630565	181.0			
T	45.615639181	9.280640920	181.0			
T	45.615694045	9.280646834	181.0			
T	45.615754827	9.280647825	181.0			
T	45.615790219	9.280653589	181.0			
T	45.615823351	9.280657662	181.0			
T	45.615867909	9.280661820	181.0			
T	45.615906210	9.280664648	181.0			
T	45.615949851	9.280669273	181.0			
T	45.615986616	9.280673873	181.0			
T	45.616023672	9.280678746	181.0			
T	45.616042592	9.280681295	181.0			
