type	latitude	longitude	altitude (m)	name	desc	kml_folder
T	45.616053277	9.280869055	180.9	Right_Boundary		Right_Boundary_Data.kml
T	45.616132682	9.280883618	180.7			
T	45.616196348	9.280897571	180.3			
T	45.616255767	9.280906256	180.0			
T	45.616318271	9.280912434	179.6			
T	45.616369873	9.280925622	179.4			
T	45.616462239	9.280941133	179.7			
T	45.616535562	9.280949878	180.0			
T	45.616650223	9.280964567	180.5			
T	45.616731387	9.280979711	180.7			
T	45.616831005	9.280997682	181.0			
T	45.616933889	9.281012037	181.3			
T	45.617068607	9.281030563	181.3			
T	45.617207351	9.281045906	181.2			
T	45.617394599	9.281077744	181.7			
T	45.617556789	9.281091945	182.0			
T	45.617696577	9.281109302	182.0			
T	45.617789907	9.281120968	182.0			
T	45.617862181	9.281127928	182.0			
T	45.617947128	9.281136327	182.0			
T	45.618059690	9.281150872	182.0			
T	45.618199297	9.281173434	182.5			
T	45.618259489	9.281182927	182.7			
T	45.618331950	9.281201021	183.0			
T	45.618445602	9.281211267	183.0			
T	45.618551069	9.281225344	183.0			
T	45.618662252	9.281242754	183.0			
T	45.618768975	9.281256508	183.0			
T	45.618863299	9.281268089	183.0			
T	45.618989452	9.281295519	183.4			
T	45.619059117	9.281299224	183.6			
T	45.619146838	9.281317923	183.9			
T	45.619245541	9.281330848	184.0			
T	45.619342717	9.281349821	184.0			
T	45.619476839	9.281375440	184.0			
T	45.619581317	9.281386717	184.0			
T	45.619732372	9.281397536	183.9			
T	45.619881014	9.281422832	183.4			
T	45.620027914	9.281438829	182.8			
T	45.620124591	9.281456251	182.3			
T	45.620199745	9.281470561	182.0			
T	45.620282606	9.281479818	181.7			
T	45.620372297	9.281486441	182.5			
T	45.620482357	9.281479727	183.4			
T	45.620576269	9.281484434	184.0			
T	45.620710297	9.281508392	184.0			
T	45.620835787	9.281520760	184.0			
T	45.621095587	9.281551184	184.0			
T	45.621260269	9.281569809	184.5			
T	45.621404360	9.281586490	185.0			
T	45.621534338	9.281599836	185.0			
T	45.621678184	9.281616736	185.0			
T	45.621805287	9.281626927	185.0			
T	45.621908875	9.281643898	185.0			
T	45.621964582	9.281637610	185.0			
T	45.622143262	9.281668987	185.0			
T	45.622214557	9.281679803	185.0			
T	45.622275135	9.281679467	185.0			
T	45.622356284	9.281693239	185.0			
T	45.622409376	9.281698626	185.0			
T	45.622460700	9.281705869	185.0			
T	45.622515908	9.281713691	185.0			
T	45.622581228	9.281720659	185.1			
T	45.622645342	9.281728186	185.1			
T	45.622715665	9.281740650	185.2			
T	45.622771387	9.281742880	185.3			
T	45.622821828	9.281752109	185.3			
T	45.622863585	9.281761247	185.3			
T	45.622902444	9.281765287	185.4			
T	45.622935178	9.281767810	185.4			
T	45.622986546	9.281771636	185.4			
T	45.623042110	9.281781885	185.4			
T	45.623095889	9.281785221	185.5			
T	45.623143976	9.281793526	185.6			
T	45.623220489	9.281805993	185.8			
T	45.623269283	9.281811355	185.9			
T	45.623324819	9.281820845	186.0			
T	45.623381943	9.281829187	186.0			
T	45.623435019	9.281835041	186.0			
T	45.623477340	9.281836908	186.0			
T	45.623522175	9.281846499	186.0			
T	45.623559836	9.281854557	186.0			
T	45.623607292	9.281860601	186.0			
T	45.623655989	9.281865255	186.0			
T	45.623689069	9.281866301	186.0			
T	45.623734541	9.281874489	186.0			
T	45.623769584	9.281878568	186.0			
T	45.623823440	9.281886861	186.0			
T	45.623873564	9.281890987	186.0			
T	45.623924782	9.281896485	186.0			
T	45.623969176	9.281896835	186.0			
T	45.624030013	9.281911874	186.0			
T	45.624068116	9.281913172	186.0			
T	45.624108007	9.281917749	186.0			
T	45.624139538	9.281924058	186.0			
T	45.624166348	9.281927235	186.0			
T	45.624192371	9.281929956	186.0			
T	45.624218304	9.281933662	186.0			
T	45.624249342	9.281935194	186.0			
T	45.624284727	9.281938410	186.0			
T	45.624326050	9.281943823	186.0			
T	45.624375903	9.281949626	186.0			
T	45.624417475	9.281955535	186.0			
T	45.624454857	9.281963858	186.1			
T	45.624479308	9.281969847	186.2			
T	45.624506427	9.281992749	186.4			
T	45.624523296	9.282027227	186.5			
T	45.624527460	9.282058415	186.6			
T	45.624527626	9.282083750	186.7			
T	45.624526382	9.282103541	186.7			
T	45.624524599	9.282122376	186.7			
T	45.624523672	9.282144608	186.8			
T	45.624521152	9.282163744	186.8			
T	45.624519023	9.282183793	186.9			
T	45.624515993	9.282202583	186.9			
T	45.624517280	9.282222636	187.0			
T	45.624517669	9.282245489	187.0			
T	45.624513421	9.282262657	187.0			
T	45.624513767	9.282279980	187.0			
T	45.624514937	9.282302512	187.0			
T	45.624515193	9.282322239	187.0			
T	45.624517383	9.282345590	187.0			
T	45.624522778	9.282368029	187.0			
T	45.624527162	9.282390356	187.0			
T	45.624534873	9.282411961	187.0			
T	45.624544735	9.282430440	187.0			
T	45.624556024	9.282451958	187.0			
T	45.624569528	9.282469114	187.0			
T	45.624584475	9.282484677	187.0			
T	45.624601568	9.282503087	187.0			
T	45.624620435	9.282520009	187.0			
T	45.624646544	9.282532331	187.0			
T	45.624671218	9.282543124	187.0			
T	45.624688934	9.282543744	187.0			
T	45.624704193	9.282541141	187.0			
T	45.624720402	9.282541153	187.0			
T	45.624740680	9.282536988	187.0			
T	45.624760492	9.282530255	187.0			
T	45.624786356	9.282524403	187.0			
T	45.624812992	9.282510298	187.0			
T	45.624835749	9.282501406	187.0			
T	45.624864300	9.282493053	187.0			
T	45.624895163	9.282480239	187.0			
T	45.624914228	9.282473019	187.0			
T	45.624942597	9.282462599	187.0			
T	45.624965362	9.282458427	187.0			
T	45.624989064	9.282447631	187.0			
T	45.625013501	9.282440465	187.0			
T	45.625037875	9.282433637	187.0			
T	45.625059951	9.282423993	187.0			
T	45.625084202	9.282414115	187.0			
T	45.625109924	9.282402831	187.0			
T	45.625141870	9.282390552	187.0			
T	45.625169006	9.282381074	187.0			
T	45.625203030	9.282369493	187.0			
T	45.625236221	9.282355880	187.0			
T	45.625279219	9.282342024	187.0			
T	45.625319909	9.282326876	187.0			
T	45.625350117	9.282313299	187.0			
T	45.625384841	9.282298840	187.0			
T	45.625415509	9.282287972	187.0			
T	45.625452927	9.282271600	187.0			
T	45.625497889	9.282261206	187.0			
T	45.625533849	9.282244572	187.0			
T	45.625579056	9.282229664	187.1			
T	45.625623446	9.282217195	187.3			
T	45.625663389	9.282203636	187.4			
T	45.625707636	9.282193183	187.6			
T	45.625759008	9.282182131	187.8			
T	45.625803255	9.282171578	187.9			
T	45.625849503	9.282166093	188.0			
T	45.625928400	9.282158654	188.1			
T	45.625975227	9.282148726	188.1			
T	45.626022274	9.282148439	188.2			
T	45.626062047	9.282146363	188.2			
T	45.626105846	9.282148248	188.3			
T	45.626163637	9.282143786	188.2			
T	45.626213604	9.282148545	188.2			
T	45.626272584	9.282152378	188.1			
T	45.626323871	9.282157533	188.1			
T	45.626373781	9.282161245	188.0			
T	45.626418265	9.282166764	188.0			
T	45.626466217	9.282172512	188.0			
T	45.626509306	9.282178180	188.0			
T	45.626550814	9.282180172	188.0			
T	45.626588257	9.282185740	188.0			
T	45.626622977	9.282188264	188.0			
T	45.626670557	9.282197015	188.0			
T	45.626718333	9.282200705	188.0			
T	45.626766230	9.282206696	188.0			
T	45.626812505	9.282213918	188.0			
T	45.626871941	9.282217537	188.0			
T	45.626924070	9.282227448	188.0			
T	45.626975302	9.282232801	188.0			
T	45.627030931	9.282240926	188.0			
T	45.627097832	9.282249047	188.0			
T	45.627159465	9.282254622	188.0			
T	45.627203167	9.282261636	188.0			
T	45.627257147	9.282269673	188.1			
T	45.627317106	9.282277070	188.3			
T	45.627410523	9.282288858	188.5			
T	45.627486486	9.282299698	188.7			
T	45.627547042	9.282312770	188.7			
T	45.627600093	9.282325962	188.6			
T	45.627661001	9.282341854	188.6			
T	45.627717553	9.282363201	188.5			
T	45.627783309	9.282385727	188.4			
T	45.627830833	9.282403352	188.5			
T	45.627883393	9.282429358	188.5			
T	45.627940538	9.282457442	188.6			
T	45.627985669	9.282478811	188.8			
T	45.628022708	9.282500269	188.9			
T	45.628064437	9.282524298	188.9			
T	45.628112393	9.282541696	189.0			
T	45.628151543	9.282572917	189.0			
T	45.628179363	9.282590151	189.0			
T	45.628208139	9.282611304	188.9			
T	45.628250655	9.282640776	188.8			
T	45.628291027	9.282667843	188.7			
T	45.628335291	9.282699901	188.6			
T	45.628384156	9.282739307	188.4			
T	45.628432245	9.282780352	188.4			
T	45.628489004	9.282826310	188.6			
T	45.628543798	9.282876569	188.8			
T	45.628584417	9.282922760	189.0			
T	45.628632895	9.282970517	189.0			
T	45.628676951	9.283014562	189.0			
T	45.628719929	9.283060971	189.0			
T	45.628768013	9.283122462	189.0			
T	45.628820810	9.283175603	189.0			
T	45.628869182	9.283253023	189.0			
T	45.628921836	9.283319066	189.1			
T	45.628973909	9.283391309	189.2			
T	45.629022619	9.283469873	189.2			
T	45.629071601	9.283544146	189.2			
T	45.629114154	9.283607347	189.0			
T	45.629147879	9.283683679	189.3			
T	45.629188879	9.283740950	189.5			
T	45.629211056	9.283784812	189.7			
T	45.629231799	9.283825854	189.8			
T	45.629249130	9.283861503	189.9			
T	45.629272206	9.283899583	190.0			
T	45.629290436	9.283942782	190.0			
T	45.629306327	9.283975738	190.0			
T	45.629322736	9.284016527	190.0			
T	45.629343978	9.284057410	190.0			
T	45.629360508	9.284098759	190.0			
T	45.629379762	9.284142419	190.0			
T	45.629396619	9.284186027	190.0			
T	45.629417306	9.284229477	190.0			
T	45.629434371	9.284274892	190.0			
T	45.629450699	9.284318190	190.0			
T	45.629469734	9.284360940	190.0			
T	45.629491346	9.284411892	190.0			
T	45.629516880	9.284491825	190.0			
T	45.629537834	9.284544484	190.0			
T	45.629557214	9.284607424	190.0			
T	45.629576982	9.284669673	190.0			
T	45.629607623	9.284762336	190.1			
T	45.629622343	9.284822584	190.1			
T	45.629641466	9.284880216	190.2			
T	45.629653592	9.284934263	190.2			
T	45.629665704	9.284981269	190.2			
T	45.629681862	9.285032002	190.1			
T	45.629691939	9.285078287	190.1			
T	45.629713014	9.285160150	190.0			
T	45.629737490	9.285280315	190.0			
T	45.629750751	9.285331300	190.0			
T	45.629762218	9.285394487	190.0			
T	45.629774968	9.285459812	190.0			
T	45.629789171	9.285527319	190.0			
T	45.629799867	9.285606263	190.1			
T	45.629813295	9.285687158	190.3			
T	45.629826326	9.285772437	190.5			
T	45.629833732	9.285842571	190.6			
T	45.629843546	9.285926743	190.6			
T	45.629852929	9.286002217	190.5			
T	45.629859328	9.286079297	190.5			
T	45.629868354	9.286158867	190.5			
T	45.629875735	9.286241429	190.4			
T	45.629880909	9.286316862	190.4			
T	45.629887226	9.286385749	190.4			
T	45.629889312	9.286458946	190.4			
T	45.629894332	9.286538022	190.4			
T	45.629900929	9.286618334	190.4			
T	45.629908008	9.286694698	190.4			
T	45.629911140	9.286760763	190.6			
T	45.629917702	9.286819342	190.7			
T	45.629914082	9.286874923	190.8			
T	45.629921271	9.286967237	191.0			
T	45.629925636	9.287047894	191.0			
T	45.629930012	9.287123774	191.0			
T	45.629934132	9.287202553	191.0			
T	45.629944646	9.287344858	190.9			
T	45.629949345	9.287473808	190.8			
T	45.629955633	9.287561222	190.8			
T	45.629960674	9.287676743	190.9			
T	45.629967733	9.287805659	190.9			
T	45.629974719	9.287920575	190.9			
T	45.629988166	9.288059309	191.0			
T	45.629987910	9.288162896	191.0			
T	45.629997099	9.288278227	191.0			
T	45.630003830	9.288365657	191.0			
T	45.630005793	9.288438614	191.0			
T	45.630014836	9.288589614	191.1			
T	45.630017918	9.288669515	191.1			
T	45.630023040	9.288754664	191.1			
T	45.630029884	9.288832384	191.1			
T	45.630031384	9.288899987	191.1			
T	45.630033130	9.288971028	191.1			
T	45.630037311	9.289038064	191.1			
T	45.630040920	9.289129824	191.1			
T	45.630047117	9.289221870	191.1			
T	45.630053450	9.289334945	191.1			
T	45.630056534	9.289416144	191.0			
T	45.630057228	9.289485672	191.0			
T	45.630061264	9.289584776	191.1			
T	45.630066030	9.289668702	191.2			
T	45.630067732	9.289730908	191.2			
T	45.630071370	9.289811689	191.2			
T	45.630071377	9.289887661	191.1			
T	45.630075642	9.289968991	191.0			
T	45.630076698	9.290049980	191.0			
T	45.630083821	9.290123126	191.0			
T	45.630086531	9.290222843	191.0			
T	45.630087808	9.290311922	191.0			
T	45.630092119	9.290388396	191.0			
T	45.630094403	9.290445602	191.0			
T	45.630098111	9.290510575	191.0			
T	45.630098426	9.290571586	191.0			
T	45.630097935	9.290644298	191.0			
T	45.630102640	9.290686349	191.0			
T	45.630105868	9.290735301	191.0			
T	45.630109474	9.290774023	191.0			
T	45.630106364	9.290816790	191.0			
T	45.630107254	9.290860485	191.0			
T	45.630108580	9.290902279	191.0			
T	45.630112275	9.290941952	191.0			
T	45.630113031	9.290990138	191.0			
T	45.630113142	9.291048893	191.0			
T	45.630115239	9.291102928	191.0			
T	45.630119718	9.291146220	191.0			
T	45.630125325	9.291182587	191.0			
T	45.630125553	9.291216013	191.0			
T	45.630128529	9.291240659	191.0			
T	45.630130586	9.291276331	191.0			
T	45.630131658	9.291311627	191.0			
T	45.630137419	9.291345685	191.0			
T	45.630142256	9.291369680	191.0			
T	45.630145624	9.291386675	191.0			
T	45.630149739	9.291407450	191.0			
T	45.630156059	9.291423831	191.0			
T	45.630159951	9.291438741	191.0			
T	45.630166986	9.291452968	191.0			
T	45.630175376	9.291466644	191.0			
T	45.630183079	9.291478674	191.0			
T	45.630194397	9.291492384	191.0			
T	45.630205278	9.291502860	191.0			
T	45.630218363	9.291511239	191.0			
T	45.630232669	9.291522322	191.0			
T	45.630247378	9.291528771	191.0			
T	45.630262005	9.291536601	191.0			
T	45.630277480	9.291542431	191.0			
T	45.630293524	9.291551603	191.0			
T	45.630312436	9.291560968	191.0			
T	45.630334947	9.291568698	191.1			
T	45.630357717	9.291581495	191.1			
T	45.630383968	9.291594765	191.1			
T	45.630408636	9.291605373	191.1			
T	45.630427011	9.291611548	191.1			
T	45.630443507	9.291621149	191.1			
T	45.630462255	9.291630778	191.1			
T	45.630478843	9.291641745	191.1			
T	45.630494668	9.291656086	191.0			
T	45.630509555	9.291678785	191.0			
T	45.630520714	9.291703009	191.0			
T	45.630524352	9.291722715	191.0			
T	45.630526352	9.291742444	191.0			
T	45.630529677	9.291764581	191.0			
T	45.630532846	9.291794168	191.0			
T	45.630535484	9.291825062	191.0			
T	45.630537574	9.291855862	191.0			
T	45.630542334	9.291889008	191.0			
T	45.630547768	9.291926103	191.0			
T	45.630554427	9.291997260	191.0			
T	45.630565541	9.292059128	191.0			
T	45.630575517	9.292131274	191.0			
T	45.630587015	9.292207231	191.0			
T	45.630602923	9.292288702	190.8			
T	45.630609633	9.292378678	190.5			
T	45.630625575	9.292430706	190.4			
T	45.630636633	9.292497478	190.3			
T	45.630652564	9.292579901	190.3			
T	45.630668327	9.292656600	190.4			
T	45.630687962	9.292739062	190.5			
T	45.630701657	9.292806232	190.5			
T	45.630720816	9.292881587	190.4			
T	45.630739329	9.292956572	190.2			
T	45.630753413	9.293014957	190.1			
T	45.630768708	9.293088818	190.0			
T	45.630790086	9.293180328	190.0			
T	45.630812774	9.293282819	190.0			
T	45.630832352	9.293368017	190.0			
T	45.630852154	9.293454897	190.0			
T	45.630876721	9.293554443	190.0			
T	45.630896821	9.293642314	190.0			
T	45.630920224	9.293740185	190.0			
T	45.630938637	9.293813499	190.0			
T	45.630956890	9.293893658	190.0			
T	45.630972217	9.293955386	190.0			
T	45.630991296	9.294029400	190.0			
T	45.631004775	9.294097156	190.0			
T	45.631019115	9.294160225	190.0			
T	45.631040088	9.294247414	189.9			
T	45.631061142	9.294352924	189.9			
T	45.631081492	9.294456953	189.9			
T	45.631101061	9.294535246	190.0			
T	45.631129141	9.294631727	190.0			
T	45.631153280	9.294737408	190.0			
T	45.631175950	9.294826860	189.7			
T	45.631197661	9.294914661	189.5			
T	45.631205011	9.294994690	189.4			
T	45.631226997	9.295090001	189.4			
T	45.631248328	9.295184024	189.5			
T	45.631272115	9.295235804	189.6			
T	45.631277789	9.295259777	189.6			
T	45.631284208	9.295285967	189.6			
T	45.631289038	9.295313786	189.6			
T	45.631292633	9.295339993	189.7			
T	45.631299660	9.295369721	189.7			
T	45.631306422	9.295399267	189.7			
T	45.631310020	9.295434908	189.7			
T	45.631316173	9.295465434	189.7			
T	45.631320516	9.295499882	189.8			
T	45.631322615	9.295530321	189.8			
T	45.631323313	9.295565239	189.8			
T	45.631324730	9.295597467	189.8			
T	45.631325463	9.295632791	189.8			
T	45.631324652	9.295662149	189.8			
T	45.631322154	9.295685242	189.8			
T	45.631318854	9.295711781	189.7			
T	45.631318729	9.295739043	189.7			
T	45.631317829	9.295762007	189.7			
T	45.631313191	9.295786589	189.7			
T	45.631310127	9.295811313	189.7			
T	45.631296470	9.295832027	189.7			
T	45.631300492	9.295877198	189.7			
T	45.631294976	9.295906129	189.7			
T	45.631291158	9.295932379	189.6			
T	45.631282695	9.295964077	189.6			
T	45.631272473	9.295995744	189.6			
T	45.631251863	9.296059105	189.5			
T	45.631236306	9.296092999	189.5			
T	45.631225133	9.296117675	189.4			
T	45.631215035	9.296144086	189.4			
T	45.631204275	9.296165366	189.3			
T	45.631193132	9.296191319	189.3			
T	45.631174195	9.296212366	189.2			
T	45.631158925	9.296240295	189.2			
T	45.631098183	9.296318564	189.0			
T	45.631087450	9.296331889	189.0			
T	45.631077086	9.296343318	189.0			
T	45.631061367	9.296361578	189.0			
T	45.631046138	9.296376597	189.0			
T	45.631032143	9.296392087	189.0			
T	45.631015605	9.296408305	189.0			
T	45.630987482	9.296429522	188.9			
T	45.630964462	9.296448643	188.9			
T	45.630939608	9.296465937	188.8			
T	45.630914149	9.296479634	188.8			
T	45.630883476	9.296493203	188.7			
T	45.630855005	9.296502164	188.6			
T	45.630830752	9.296509325	188.6			
T	45.630806150	9.296517750	188.5			
T	45.630779436	9.296523673	188.5			
T	45.630760055	9.296526888	188.5			
T	45.630740518	9.296527653	188.5			
T	45.630730231	9.296529766	188.5			
T	45.630663605	9.296538924	188.5			
T	45.630585738	9.296549367	188.4			
T	45.630510061	9.296563825	188.3			
T	45.630436492	9.296569905	188.2			
T	45.630377442	9.296578466	188.1			
T	45.630327079	9.296585017	188.1			
T	45.630262786	9.296591365	188.0			
T	45.630216030	9.296596332	188.0			
T	45.630172571	9.296602395	188.0			
T	45.630122068	9.296608087	188.0			
T	45.630077368	9.296615754	188.0			
T	45.630040350	9.296619888	188.0			
T	45.630002467	9.296624576	188.0			
T	45.629971523	9.296629104	188.0			
T	45.629913904	9.296636423	188.0			
T	45.629856621	9.296641849	188.0			
T	45.629800489	9.296652561	188.0			
T	45.629757466	9.296656344	188.0			
T	45.629713121	9.296661529	188.0			
T	45.629663869	9.296669071	188.0			
T	45.629626395	9.296674465	188.0			
T	45.629586663	9.296678918	188.0			
T	45.629557193	9.296683227	188.0			
T	45.629529368	9.296685772	188.0			
T	45.629283484	9.296714999	188.0			
T	45.629235695	9.296722906	188.0			
T	45.629198062	9.296728673	188.0			
T	45.629154609	9.296734515	188.0			
T	45.629113914	9.296740659	187.9			
T	45.629076681	9.296746535	187.8			
T	45.629002795	9.296754495	187.6			
T	45.628927977	9.296764729	187.4			
T	45.628861587	9.296772698	187.4			
T	45.628827140	9.296777432	187.4			
T	45.628788316	9.296782725	187.4			
T	45.628755734	9.296787169	187.4			
T	45.628727970	9.296791963	187.5			
T	45.628702986	9.296793509	187.5			
T	45.628681270	9.296797434	187.5			
T	45.628660577	9.296797591	187.5			
T	45.628636741	9.296794806	187.5			
T	45.628611762	9.296791579	187.4			
T	45.628586540	9.296788816	187.4			
T	45.628567923	9.296784495	187.4			
T	45.628545140	9.296780566	187.4			
T	45.628522207	9.296769533	187.4			
T	45.628497274	9.296754746	187.3			
T	45.628477629	9.296737655	187.3			
T	45.628458533	9.296721121	187.2			
T	45.628443652	9.296707687	187.1			
T	45.628433546	9.296693486	187.1			
T	45.628422582	9.296682173	187.1			
T	45.628412445	9.296666067	187.0			
T	45.628402255	9.296647939	187.0			
T	45.628395706	9.296630498	187.0			
T	45.628388139	9.296618247	187.0			
T	45.628380960	9.296603340	187.0			
T	45.628375984	9.296593408	187.0			
T	45.628368809	9.296584689	187.0			
T	45.628361349	9.296568061	187.0			
T	45.628349857	9.296539614	187.0			
T	45.628334606	9.296510256	187.0			
T	45.628322285	9.296476683	187.0			
T	45.628312283	9.296448516	187.1			
T	45.628301677	9.296417474	187.1			
T	45.628289852	9.296394920	187.2			
T	45.628275727	9.296367127	187.2			
T	45.628267822	9.296332339	187.2			
T	45.628253186	9.296296527	187.2			
T	45.628239232	9.296261888	187.2			
T	45.628226895	9.296228232	187.2			
T	45.628214835	9.296197183	187.1			
T	45.628204010	9.296164542	187.1			
T	45.628189980	9.296132360	187.0			
T	45.628167521	9.296077086	187.0			
T	45.628139836	9.296010868	187.0			
T	45.628118209	9.295947818	187.0			
T	45.628093180	9.295896384	187.0			
T	45.628070326	9.295833387	187.0			
T	45.628047342	9.295771950	187.0			
T	45.628023747	9.295706932	187.1			
T	45.628001844	9.295663179	187.1			
T	45.627976636	9.295595454	187.0			
T	45.627927634	9.295467719	187.0			
T	45.627881162	9.295349833	187.0			
T	45.627841733	9.295242946	187.0			
T	45.627799745	9.295140608	187.0			
T	45.627769763	9.295060004	187.0			
T	45.627737393	9.294976158	187.0			
T	45.627710019	9.294906228	187.0			
T	45.627680501	9.294829617	187.0			
T	45.627653809	9.294761279	187.0			
T	45.627633829	9.294705222	187.0			
T	45.627588299	9.294591513	187.0			
T	45.627545229	9.294480195	187.0			
T	45.627517436	9.294410315	187.0			
T	45.627361463	9.294010513	187.0			
T	45.627317932	9.293900790	187.0			
T	45.627290825	9.293831361	187.0			
T	45.627239874	9.293693597	187.0			
T	45.627198480	9.293594022	187.0			
T	45.627166324	9.293510427	187.0			
T	45.627095606	9.293321846	187.0			
T	45.627030079	9.293159880	187.0			
T	45.626975016	9.293020539	187.0			
T	45.626936893	9.292923999	187.0			
T	45.626876920	9.292775431	187.0			
T	45.626832842	9.292677278	187.1			
T	45.626740911	9.292473829	187.8			
T	45.626657753	9.292301005	188.0			
T	45.626604103	9.292189934	187.8			
T	45.626550738	9.292087464	187.6			
T	45.626505408	9.292009538	187.4			
T	45.626458511	9.291925017	187.2			
T	45.626411847	9.291841684	187.1			
T	45.626350292	9.291735712	187.0			
T	45.626299293	9.291654719	187.0			
T	45.626259828	9.291591893	186.7			
T	45.626221864	9.291530110	186.5			
T	45.626176984	9.291452937	186.2			
T	45.626155704	9.291416982	186.1			
T	45.626123719	9.291370049	186.0			
T	45.626096199	9.291323126	186.0			
T	45.626074132	9.291288355	186.0			
T	45.626033998	9.291220466	186.0			
T	45.626015532	9.291189148	186.0			
T	45.625992669	9.291158427	186.0			
T	45.625974517	9.291126993	186.0			
T	45.625949226	9.291081979	186.0			
T	45.625926428	9.291045321	186.0			
T	45.625903584	9.291007323	186.0			
T	45.625884595	9.290977047	186.0			
T	45.625866048	9.290949169	186.0			
T	45.625835248	9.290896423	186.0			
T	45.625774011	9.290795918	186.0			
T	45.625700502	9.290676951	186.0			
T	45.625641657	9.290579046	186.0			
T	45.625608570	9.290525158	186.0			
T	45.625583933	9.290486482	186.0			
T	45.625556877	9.290441862	186.0			
T	45.625528331	9.290394096	186.0			
T	45.625473889	9.290306954	186.0			
T	45.625431568	9.290238954	186.2			
T	45.625405006	9.290193520	186.4			
T	45.625366991	9.290131754	186.7			
T	45.625339506	9.290086772	186.8			
T	45.625277555	9.289988543	187.0			
T	45.625213768	9.289877039	186.5			
T	45.625141832	9.289763949	185.9			
T	45.625089489	9.289680986	185.7			
T	45.625029763	9.289582789	186.2			
T	45.624974426	9.289492062	187.0			
T	45.624934010	9.289426118	186.9			
T	45.624913228	9.289392603	186.7			
T	45.624722772	9.289085048	187.3			
T	45.624669347	9.288991926	186.7			
T	45.624625491	9.288921538	185.9			
T	45.624553468	9.288803475	185.2			
T	45.624495279	9.288710302	185.6			
T	45.624446823	9.288629355	186.7			
T	45.624385829	9.288531040	186.3			
T	45.624333041	9.288448129	186.1			
T	45.624209690	9.288240967	186.4			
T	45.624156661	9.288158054	186.6			
T	45.623994334	9.287894322	185.9			
T	45.623876676	9.287702413	186.2			
T	45.623788824	9.287559495	186.4			
T	45.623699882	9.287411209	186.5			
T	45.623648309	9.287332367	186.7			
T	45.623542937	9.287153815	186.6			
T	45.623481021	9.287058493	186.3			
T	45.623421714	9.286961424	186.3			
T	45.623371001	9.286878875	186.1			
T	45.623330648	9.286809802	186.0			
T	45.623292479	9.286745200	185.9			
T	45.623256457	9.286690903	185.7			
T	45.623197432	9.286586762	185.7			
T	45.623149113	9.286509163	185.7			
T	45.623121934	9.286460837	185.8			
T	45.623101025	9.286426063	185.9			
T	45.623081523	9.286395018	186.0			
T	45.623067372	9.286374840	186.0			
T	45.623051485	9.286346258	186.0			
T	45.623034122	9.286320076	185.9			
T	45.623018822	9.286296273	185.9			
T	45.623004867	9.286273505	185.9			
T	45.622991913	9.286250079	185.9			
T	45.622979202	9.286231994	185.9			
T	45.622970071	9.286215880	185.9			
T	45.622961842	9.286199661	185.9			
T	45.622953243	9.286183556	185.9			
T	45.622944773	9.286170033	185.9			
T	45.622929612	9.286147085	185.9			
T	45.622916059	9.286122588	186.0			
T	45.622898808	9.286098861	186.0			
T	45.622887430	9.286081153	186.0			
T	45.622877817	9.286066022	186.0			
T	45.622868345	9.286051702	186.0			
T	45.622859203	9.286037081	186.0			
T	45.622849555	9.286021889	186.0			
T	45.622837988	9.286003804	186.0			
T	45.622826945	9.285984309	186.0			
T	45.622810608	9.285959981	186.0			
T	45.622796722	9.285939335	186.0			
T	45.622782524	9.285919109	186.0			
T	45.622769673	9.285905883	186.0			
T	45.622761644	9.285893029	186.0			
T	45.622749156	9.285880783	186.0			
T	45.622739369	9.285869930	186.0			
T	45.622728931	9.285862893	186.0			
T	45.622719130	9.285852838	186.0			
T	45.622708184	9.285844125	186.0			
T	45.622694794	9.285837958	186.0			
T	45.622681328	9.285830551	186.0			
T	45.622667749	9.285825997	186.0			
T	45.622651070	9.285821976	186.0			
T	45.622632173	9.285818662	186.0			
T	45.622616471	9.285817335	186.0			
T	45.622599886	9.285816964	186.0			
T	45.622581044	9.285817283	186.0			
T	45.622565449	9.285818496	186.0			
T	45.622553218	9.285819113	186.0			
T	45.622540238	9.285821354	186.0			
T	45.622529775	9.285820794	186.0			
T	45.622514967	9.285822369	186.0			
T	45.622498827	9.285823439	186.0			
T	45.622480003	9.285825488	185.9			
T	45.622463346	9.285828897	185.9			
T	45.622447289	9.285830549	185.8			
T	45.622433812	9.285830816	185.8			
T	45.622421761	9.285829485	185.7			
T	45.622410854	9.285829698	185.7			
T	45.622396402	9.285832252	185.6			
T	45.622383498	9.285834769	185.6			
T	45.622364842	9.285839757	185.5			
T	45.622344032	9.285844394	185.4			
T	45.622327062	9.285847615	185.4			
T	45.622308043	9.285850788	185.3			
T	45.622290911	9.285854199	185.2			
T	45.622272448	9.285857042	185.2			
T	45.622256158	9.285859648	185.1			
T	45.622239125	9.285861739	185.1			
T	45.622220667	9.285862983	185.0			
T	45.622201392	9.285864892	185.0			
T	45.622183902	9.285865226	185.0			
T	45.622168706	9.285865865	185.0			
T	45.622154959	9.285865131	185.0			
T	45.622141651	9.285865706	185.0			
T	45.622123669	9.285865392	185.0			
T	45.622105397	9.285864008	185.0			
T	45.622084426	9.285861118	185.0			
T	45.622069045	9.285859820	185.0			
T	45.622054538	9.285858149	185.0			
T	45.622036822	9.285854681	185.0			
T	45.622014804	9.285850767	185.0			
T	45.621996417	9.285847643	185.0			
T	45.621978500	9.285843498	185.0			
T	45.621965252	9.285839787	185.0			
T	45.621948364	9.285835347	185.0			
T	45.621928761	9.285828424	185.0			
T	45.621911483	9.285822206	185.0			
T	45.621892774	9.285813862	185.0			
T	45.621876639	9.285806401	185.0			
T	45.621860840	9.285800097	185.0			
T	45.621843847	9.285790219	185.0			
T	45.621826043	9.285781853	185.0			
T	45.621810954	9.285773466	185.0			
T	45.621797466	9.285765697	185.0			
T	45.621787426	9.285759994	185.0			
T	45.621779394	9.285753605	185.0			
T	45.621768906	9.285747064	185.0			
T	45.621763556	9.285743590	185.0			
T	45.621754237	9.285737913	185.0			
T	45.621745340	9.285731570	185.0			
T	45.621737036	9.285725237	185.0			
T	45.621729938	9.285719467	185.0			
T	45.621720347	9.285712610	185.0			
T	45.621712439	9.285706028	185.0			
T	45.621701974	9.285699829	185.0			
T	45.621695456	9.285695672	185.0			
T	45.621689264	9.285688908	185.0			
T	45.621681578	9.285684112	185.0			
T	45.621671647	9.285676470	185.0			
T	45.621664947	9.285671224	185.0			
T	45.621657653	9.285663528	185.0			
T	45.621652905	9.285658572	185.0			
T	45.621642669	9.285650481	185.0			
T	45.621633926	9.285641768	185.0			
T	45.621627366	9.285634167	185.0			
T	45.621622943	9.285630303	185.0			
T	45.621614557	9.285622354	185.0			
T	45.621608163	9.285614543	185.0			
T	45.621600375	9.285608052	185.0			
T	45.621592465	9.285598105	185.0			
T	45.621585691	9.285589402	185.0			
T	45.621578823	9.285582652	185.0			
T	45.621569682	9.285574868	185.0			
T	45.621564155	9.285567007	185.0			
T	45.621556052	9.285557135	185.0			
T	45.621549829	9.285549018	185.0			
T	45.621544699	9.285541796	185.0			
T	45.621540070	9.285537391	185.0			
T	45.621534753	9.285528749	185.0			
T	45.621527025	9.285520545	185.0			
T	45.621519370	9.285511553	185.0			
T	45.621513218	9.285502617	185.0			
T	45.621507361	9.285494778	185.0			
T	45.621500859	9.285484107	185.0			
T	45.621493569	9.285474376	185.0			
T	45.621486835	9.285465004	185.0			
T	45.621478760	9.285453255	185.0			
T	45.621474070	9.285444738	185.0			
T	45.621466776	9.285435010	185.0			
T	45.621461089	9.285424069	185.0			
T	45.621454692	9.285415205	185.0			
T	45.621450028	9.285406463	185.0			
T	45.621444722	9.285395893	185.0			
T	45.621441777	9.285387945	185.0			
T	45.621436312	9.285377409	185.0			
T	45.621430969	9.285366128	185.0			
T	45.621424569	9.285358352	185.0			
T	45.621416157	9.285343804	185.0			
T	45.621410313	9.285332701	185.0			
T	45.621398186	9.285309746	185.0			
T	45.621389928	9.285291389	185.0			
T	45.621382041	9.285275154	185.0			
T	45.621372407	9.285257018	185.0			
T	45.621364392	9.285239542	185.0			
T	45.621357818	9.285225265	185.0			
T	45.621348186	9.285207575	185.0			
T	45.621339899	9.285187956	185.0			
T	45.621331403	9.285174071	185.0			
T	45.621325640	9.285163091	185.0			
T	45.621318031	9.285152786	185.0			
T	45.621313886	9.285141878	185.0			
T	45.621306056	9.285131549	185.0			
T	45.621300103	9.285123766	185.0			
T	45.621294322	9.285114311	185.0			
T	45.621289280	9.285108409	185.0			
T	45.621280774	9.285094779	185.0			
T	45.621270832	9.285083280	185.0			
T	45.621260087	9.285071874	185.0			
T	45.621249366	9.285061113	185.0			
T	45.621238953	9.285051003	185.0			
T	45.621230000	9.285043530	185.0			
T	45.621221071	9.285034545	185.0			
T	45.621211259	9.285027702	185.0			
T	45.621200960	9.285019045	185.0			
T	45.621191456	9.285012722	185.0			
T	45.621182398	9.285005890	185.0			
T	45.621173682	9.285000909	185.0			
T	45.621162681	9.284994956	185.0			
T	45.621154138	9.284989848	185.0			
T	45.621147130	9.284985462	185.0			
T	45.621140964	9.284983017	185.0			
T	45.621134505	9.284979698	185.0			
T	45.621119001	9.284971408	185.0			
T	45.621099323	9.284962120	185.0			
T	45.621083364	9.284956393	184.9			
T	45.621066085	9.284950216	184.8			
T	45.621048472	9.284942681	184.8			
T	45.621035070	9.284937843	184.7			
T	45.621021417	9.284933968	184.7			
T	45.621005615	9.284926897	184.6			
T	45.620993277	9.284922770	184.6			
T	45.620985092	9.284921635	184.5			
T	45.620975459	9.284918126	184.5			
T	45.620967120	9.284916244	184.5			
T	45.620931494	9.284902629	184.4			
T	45.620907170	9.284894460	184.3			
T	45.620877305	9.284891329	184.2			
T	45.620854126	9.284888617	184.1			
T	45.620828664	9.284882575	184.0			
T	45.620798398	9.284878622	184.0			
T	45.620775135	9.284874362	184.0			
T	45.620747801	9.284869515	184.0			
T	45.620717044	9.284864437	184.0			
T	45.620659920	9.284855955	184.0			
T	45.620618454	9.284848505	184.0			
T	45.620587422	9.284844041	184.0			
T	45.620560629	9.284839597	184.0			
T	45.620536792	9.284835630	184.0			
T	45.620509477	9.284830759	184.0			
T	45.620489031	9.284827855	184.0			
T	45.620470589	9.284825233	184.0			
T	45.620448170	9.284822534	184.0			
T	45.620428933	9.284819635	184.0			
T	45.620398360	9.284815481	184.0			
T	45.620368575	9.284811064	184.0			
T	45.620342600	9.284806853	184.0			
T	45.620312017	9.284802455	184.0			
T	45.620283268	9.284797936	184.0			
T	45.620256724	9.284794034	183.9			
T	45.620232090	9.284788342	183.8			
T	45.620210232	9.284784831	183.8			
T	45.620182114	9.284780092	183.7			
T	45.620154526	9.284775356	183.6			
T	45.620128792	9.284770939	183.5			
T	45.620100615	9.284767718	183.4			
T	45.620076096	9.284762940	183.3			
T	45.620053520	9.284759503	183.2			
T	45.620028777	9.284754208	183.1			
T	45.620006717	9.284751281	183.0			
T	45.619967304	9.284743106	183.0			
T	45.619928957	9.284737972	183.0			
T	45.619885813	9.284733375	183.0			
T	45.619850491	9.284730853	183.0			
T	45.619795430	9.284727708	183.0			
T	45.619756680	9.284725688	183.0			
T	45.619713020	9.284717818	183.0			
T	45.619663826	9.284708006	183.0			
T	45.619609376	9.284703324	183.0			
T	45.619556218	9.284692423	183.0			
T	45.619508783	9.284684361	183.0			
T	45.619444007	9.284671918	183.0			
T	45.619398099	9.284665599	183.0			
T	45.619348758	9.284659084	183.0			
T	45.619294066	9.284647651	183.0			
T	45.619230229	9.284638636	183.0			
T	45.619179521	9.284631554	183.0			
T	45.619117220	9.284617737	182.8			
T	45.619071017	9.284612597	182.7			
T	45.619024155	9.284605116	182.5			
T	45.618980548	9.284596939	182.3			
T	45.618927634	9.284589195	182.1			
T	45.618881402	9.284582392	182.0			
T	45.618844622	9.284575462	182.0			
T	45.618804465	9.284572767	182.0			
T	45.618770481	9.284566727	182.0			
T	45.618735090	9.284559823	182.0			
T	45.618618470	9.284542306	182.0			
T	45.618575690	9.284537887	182.0			
T	45.618533626	9.284532331	182.0			
T	45.618489140	9.284526411	182.0			
T	45.618448596	9.284516136	182.0			
T	45.618405528	9.284509290	182.0			
T	45.618370221	9.284501605	182.0			
T	45.618329413	9.284497640	182.0			
T	45.618297730	9.284493023	182.0			
T	45.618265195	9.284487576	182.0			
T	45.618228238	9.284481086	182.0			
T	45.618198525	9.284477952	182.0			
T	45.618168930	9.284474672	182.0			
T	45.618139716	9.284468413	182.0			
T	45.618113014	9.284465919	182.0			
T	45.618048042	9.284455749	182.0			
T	45.617982150	9.284443400	182.0			
T	45.617913669	9.284435365	182.0			
T	45.617842116	9.284424672	182.0			
T	45.617781038	9.284416251	182.0			
T	45.617729975	9.284408306	182.0			
T	45.617679485	9.284400569	181.9			
T	45.617640159	9.284394444	181.9			
T	45.617544559	9.284379548	181.8			
T	45.617440635	9.284365630	181.6			
T	45.617341892	9.284349842	181.3			
T	45.617252827	9.284339383	181.1			
T	45.617182301	9.284326306	181.0			
T	45.617113916	9.284315688	181.0			
T	45.617058908	9.284308047	181.0			
T	45.617012528	9.284300223	181.0			
T	45.616937377	9.284288866	181.0			
T	45.616869311	9.284280297	181.0			
T	45.616798405	9.284269230	181.0			
T	45.616724596	9.284260982	181.0			
T	45.616648448	9.284246509	181.0			
T	45.616589679	9.284238157	181.0			
T	45.616514638	9.284225098	181.0			
T	45.616435389	9.284214971	181.0			
T	45.616358688	9.284203076	181.0			
T	45.616292236	9.284193714	181.0			
T	45.616205454	9.284179536	181.0			
T	45.616143928	9.284169549	181.0			
T	45.616103046	9.284164619	181.0			
T	45.616000656	9.284150799	181.0			
T	45.615950767	9.284144545	181.0			
T	45.615891702	9.284136470	181.0			
T	45.615852710	9.284127074	181.0			
T	45.615818219	9.284123839	181.0			
T	45.615779322	9.284118174	181.0			
T	45.615732730	9.284108819	180.9			
T	45.615680899	9.284102733	180.9			
T	45.615635958	9.284096899	180.8			
T	45.615534968	9.284080101	180.6			
T	45.615443234	9.284066661	180.4			
T	45.615355639	9.284051820	180.2			
T	45.615284398	9.284042780	180.0			
T	45.615226482	9.284033773	180.0			
T	45.615154837	9.284022024	180.0			
T	45.615096975	9.284015393	180.0			
T	45.615035983	9.284007044	180.0			
T	45.614973273	9.283997480	180.0			
T	45.614928073	9.283991379	180.0			
T	45.614846582	9.283977140	180.0			
T	45.614765939	9.283965936	180.0			
T	45.614689709	9.283955657	180.0			
T	45.614615353	9.283946072	180.0			
T	45.614553963	9.283938845	180.0			
T	45.614486890	9.283925760	180.0			
T	45.614430336	9.283917379	180.0			
T	45.614379858	9.283910662	180.0			
T	45.614337218	9.283904143	180.0			
T	45.614295016	9.283897954	180.0			
T	45.614238657	9.283891197	180.0			
T	45.614175946	9.283879375	180.0			
T	45.614118369	9.283869474	180.0			
T	45.614067579	9.283863111	180.0			
T	45.614034367	9.283861165	180.0			
T	45.614000808	9.283853217	180.0			
T	45.613942339	9.283845772	180.0			
T	45.613889135	9.283837547	180.0			
T	45.613840733	9.283831008	179.8			
T	45.613795794	9.283821872	179.7			
T	45.613759232	9.283817731	179.5			
T	45.613698821	9.283809207	179.3			
T	45.613634328	9.283800349	179.1			
T	45.613572789	9.283789615	179.0			
T	45.613532459	9.283785134	179.0			
T	45.613497049	9.283780069	179.0			
T	45.613467023	9.283775151	179.0			
T	45.613410577	9.283766395	179.0			
T	45.613341057	9.283755550	179.0			
T	45.613277324	9.283747222	179.0			
T	45.613232931	9.283741480	179.0			
T	45.613185927	9.283735369	179.0			
T	45.613109591	9.283720772	179.0			
T	45.613031063	9.283710616	179.0			
T	45.612955059	9.283695853	179.0			
T	45.612890458	9.283686852	179.0			
T	45.612832051	9.283679313	179.0			
T	45.612776365	9.283672513	179.0			
T	45.612735742	9.283666197	179.0			
T	45.612691328	9.283659415	179.0			
T	45.612663152	9.283653143	179.0			
T	45.612631387	9.283650168	179.0			
T	45.612608349	9.283645393	179.0			
T	45.612586691	9.283643207	179.0			
T	45.612565065	9.283639014	179.0			
T	45.612551206	9.283636175	179.0			
T	45.612535906	9.283634229	179.0			
T	45.612523211	9.283629936	179.0			
T	45.612508384	9.283624001	179.0			
T	45.612500034	9.283619724	179.0			
T	45.612499335	9.283619177	179.0			
T	45.612489854	9.283614746	179.0			
T	45.612476471	9.283611038	179.0			
T	45.612458262	9.283605743	179.0			
T	45.612429873	9.283597652	179.0			
T	45.612407325	9.283587957	179.0			
T	45.612387547	9.283579741	179.0			
T	45.612375058	9.283574503	179.0			
T	45.612363812	9.283568125	179.0			
T	45.612352716	9.283558969	179.0			
T	45.612338570	9.283552341	179.0			
T	45.612327314	9.283544590	179.0			
T	45.612314841	9.283535756	179.0			
T	45.612301633	9.283526344	179.0			
T	45.612288311	9.283517233	179.0			
T	45.612273059	9.283508282	179.0			
T	45.612260330	9.283497215	179.0			
T	45.612248336	9.283487828	179.0			
T	45.612238836	9.283480045	179.0			
T	45.612229546	9.283471316	179.0			
T	45.612221950	9.283463865	179.0			
T	45.612213836	9.283456285	179.0			
T	45.612205877	9.283448720	179.0			
T	45.612199685	9.283442262	179.0			
T	45.612190480	9.283432538	179.0			
T	45.612183938	9.283423525	179.0			
T	45.612166939	9.283404116	179.0			
T	45.612153324	9.283386158	179.0			
T	45.612143587	9.283371810	179.0			
T	45.612135697	9.283362427	179.0			
T	45.612127245	9.283351104	179.0			
T	45.612116523	9.283337436	179.0			
T	45.612110567	9.283326660	179.0			
T	45.612103618	9.283315111	179.0			
T	45.612097013	9.283304985	179.0			
T	45.612090423	9.283292631	179.0			
T	45.612083967	9.283283589	179.0			
T	45.612078639	9.283273608	179.0			
T	45.612073003	9.283262130	179.0			
T	45.612066351	9.283248463	179.0			
T	45.612060632	9.283237600	179.0			
T	45.612051496	9.283219801	179.0			
T	45.612045736	9.283200679	179.0			
T	45.612035176	9.283184169	179.0			
T	45.612024476	9.283163041	179.0			
T	45.612016335	9.283143727	179.0			
T	45.612010116	9.283125752	179.0			
T	45.612004885	9.283112362	179.0			
T	45.611997715	9.283095134	179.0			
T	45.611992014	9.283077469	179.0			
T	45.611986745	9.283061851	179.0			
T	45.611981015	9.283044229	179.0			
T	45.611974396	9.283018246	178.9			
T	45.611966576	9.282996529	178.8			
T	45.611964741	9.282975711	178.7			
T	45.611959819	9.282955070	178.6			
T	45.611952006	9.282934984	178.6			
T	45.611946457	9.282913874	178.5			
T	45.611943216	9.282886397	178.4			
T	45.611937329	9.282857417	178.3			
T	45.611933229	9.282833959	178.2			
T	45.611930182	9.282808946	178.1			
T	45.611927987	9.282785966	178.0			
T	45.611923536	9.282763530	178.0			
T	45.611922405	9.282739123	178.0			
T	45.611922496	9.282715101	178.0			
T	45.611923502	9.282689732	178.0			
T	45.611923324	9.282661966	178.0			
T	45.611922034	9.282641087	178.0			
T	45.611923751	9.282608908	178.0			
T	45.611922953	9.282588874	178.0			
T	45.611928949	9.282566410	178.0			
T	45.611931456	9.282535358	178.0			
T	45.611933962	9.282504936	178.0			
T	45.611936576	9.282465579	178.0			
T	45.611943049	9.282421296	178.0			
T	45.611954203	9.282376065	178.0			
T	45.611964367	9.282321556	178.0			
T	45.611975479	9.282278760	178.0			
T	45.611993498	9.282221046	178.0			
T	45.612000890	9.282185109	178.0			
T	45.612014737	9.282138453	178.0			
T	45.612027405	9.282102688	178.0			
T	45.612033277	9.282067995	178.0			
T	45.612047973	9.282030823	178.0			
T	45.612059843	9.281986341	178.0			
T	45.612076965	9.281944204	178.0			
T	45.612094935	9.281900550	178.0			
T	45.612117648	9.281851171	178.0			
T	45.612139628	9.281811073	178.0			
T	45.612153158	9.281777985	178.0			
T	45.612167118	9.281754984	178.0			
T	45.612176805	9.281730030	178.0			
T	45.612196832	9.281707712	178.0			
T	45.612210889	9.281676875	178.0			
T	45.612225431	9.281652379	178.0			
T	45.612244715	9.281624571	178.0			
T	45.612261995	9.281599210	178.0			
T	45.612281701	9.281568810	178.0			
T	45.612300053	9.281539353	178.0			
T	45.612319844	9.281512613	178.0			
T	45.612347784	9.281473021	178.0			
T	45.612376952	9.281441874	178.0			
T	45.612404522	9.281407778	178.0			
T	45.612436369	9.281374246	178.1			
T	45.612469189	9.281335133	178.4			
T	45.612494625	9.281309993	178.6			
T	45.612526639	9.281284281	178.8			
T	45.612559102	9.281247567	179.0			
T	45.612601959	9.281218086	179.2			
T	45.612653557	9.281177231	179.5			
T	45.612711408	9.281126979	179.9			
T	45.612760818	9.281095348	180.0			
T	45.612821754	9.281060706	180.0			
T	45.612885128	9.281025434	180.0			
T	45.612952498	9.280993600	180.0			
T	45.613016704	9.280960176	180.0			
T	45.613086031	9.280937304	180.0			
T	45.613146679	9.280907984	180.0			
T	45.613208296	9.280888638	180.0			
T	45.613256427	9.280877065	180.0			
T	45.613310508	9.280861386	180.0			
T	45.613370447	9.280849741	180.0			
T	45.613418661	9.280837794	180.0			
T	45.613469185	9.280827268	180.0			
T	45.613517775	9.280821205	180.0			
T	45.613569560	9.280817354	180.0			
T	45.613621083	9.280813753	180.0			
T	45.613681436	9.280807251	180.0			
T	45.613741424	9.280799717	180.0			
T	45.613800921	9.280795623	180.0			
T	45.613857771	9.280790854	180.0			
T	45.613930265	9.280789679	180.0			
T	45.613990609	9.280788957	180.0			
T	45.614050228	9.280792078	180.0			
T	45.614107725	9.280790037	180.0			
T	45.614165007	9.280788292	180.0			
T	45.614208657	9.280789325	180.0			
T	45.614263255	9.280788171	180.0			
T	45.614311441	9.280788555	180.0			
T	45.614381435	9.280787063	180.0			
T	45.614446798	9.280787276	180.0			
T	45.614490626	9.280786825	180.0			
T	45.614534870	9.280787298	180.0			
T	45.614577613	9.280786734	180.0			
T	45.614628221	9.280784435	180.0			
T	45.614682838	9.280783599	180.0			
T	45.614742695	9.280785318	180.1			
T	45.614790783	9.280784885	180.2			
T	45.614842580	9.280786501	180.4			
T	45.614902418	9.280791734	180.6			
T	45.614977658	9.280793795	180.8			
T	45.615043225	9.280797784	180.9			
T	45.615101765	9.280803687	180.9			
T	45.615185964	9.280804330	181.0			
T	45.615253998	9.280811499	181.0			
T	45.615320491	9.280813311	181.0			
T	45.615399380	9.280823139	181.0			
T	45.615482426	9.280826819	181.0			
T	45.615571553	9.280830593	181.0			
T	45.615653064	9.280836595	181.0			
T	45.615740862	9.280840735	181.0			
T	45.615810915	9.280854350	180.9			
T	45.615894922	9.280858309	180.9			
T	45.615974833	9.280863032	180.9			
T	45.616022234	9.280863774	180.9			
