latitude (deg)	longitude (deg)	altitude (m)
41.56972353	2.261056425	120.8
41.56969322	2.261030469	120.7
41.56962758	2.260972897	120.5
41.56956079	2.260915906	120.5
41.56951593	2.260880338	120.7
41.56945398	2.260833111	121
41.56939506	2.260774293	120.6
41.56932833	2.260727114	120.4
41.56924748	2.26065585	120.1
41.56915486	2.260580038	120
41.569089	2.260522283	120.2
41.56901678	2.260456517	120.3
41.56893054	2.26038833	120.3
41.56883754	2.260314922	120.2
41.56874485	2.260227087	120.4
41.56863075	2.260130073	120.4
41.56850006	2.260021089	120
41.56838922	2.259932712	120
41.56824948	2.2598185	120
41.56805906	2.259657572	119.8
41.56795527	2.259574736	119.3
41.56786579	2.259487003	119
41.56776444	2.259412082	119
41.56764953	2.259304656	119
41.56753545	2.259213488	119
41.56739557	2.259100103	118.8
41.56724441	2.258970989	118.3
41.5670788	2.258828767	117.4
41.56689459	2.258683737	116.8
41.56676445	2.258570373	116.3
41.56659254	2.258416694	115.5
41.56642428	2.258270826	115
41.56628937	2.258172075	114.7
41.56617768	2.25807388	114.9
41.5660524	2.257974524	114.4
41.56595069	2.257891492	113.9
41.56582853	2.257784656	114
41.56571877	2.257684014	113.7
41.56566324	2.257642554	113.7
41.56560407	2.257594464	113.7
41.56554386	2.257545583	113.8
41.56547942	2.257484798	113.7
41.56541704	2.257435214	113.4
41.56537513	2.257401129	113.2
41.5653263	2.257359656	113.1
41.56528455	2.257328965	113
41.56524216	2.257293067	112.9
41.56520214	2.257262469	112.9
41.5651699	2.257236513	113
41.56513257	2.257205276	113
41.56509044	2.257168854	113
41.56505379	2.257137802	113
41.56501288	2.257104746	113
41.56497135	2.257068092	112.9
41.56492348	2.257030905	112.8
41.56486873	2.256985136	112.9
41.56483015	2.256945315	113
41.56478251	2.256907926	112.9
41.56474426	2.256874432	112.7
41.56471388	2.256836454	112.6
41.56467764	2.256784028	112.4
41.56464608	2.256730514	112.4
41.56461694	2.256660405	112.4
41.5646097	2.25662555	112.4
41.56459901	2.256600147	112.4
41.56459212	2.25656677	112.5
41.56458505	2.256536996	112.5
41.56458206	2.256497668	112.5
41.56457565	2.256465609	112.5
41.56457181	2.256427177	112.5
41.564574	2.256391207	112.5
41.56457284	2.256353515	112.6
41.56458317	2.256319902	112.6
41.56459	2.256287932	112.7
41.56459596	2.256258206	112.7
41.56460138	2.256220902	112.8
41.56461394	2.25619158	112.8
41.56462673	2.256160602	112.9
41.56463814	2.256126437	113
41.56465193	2.256090893	113
41.56466699	2.256065539	113
41.56468372	2.256023871	113
41.564702	2.255993033	113
41.56471952	2.2559539	113
41.56473446	2.255917301	113
41.56475146	2.255884987	113
41.56476618	2.255849907	113
41.56477902	2.255822823	113
41.56479526	2.2557946	113.1
41.56480679	2.255766363	113.2
41.56481354	2.255737838	113.3
41.56482189	2.255702547	113.5
41.56482892	2.255672131	113.6
41.56483457	2.255641912	113.7
41.56484054	2.25561158	113.8
41.56484138	2.255578453	113.9
41.56484763	2.255547588	114
41.56484575	2.255514563	114.1
41.564845	2.255485328	114.3
41.56484677	2.25545444	114.4
41.56484569	2.255427521	114.5
41.5648424	2.255391109	114.6
41.56483668	2.255349908	114.7
41.56483052	2.255312906	114.9
41.56481834	2.255274874	115
41.56480649	2.255234488	115.2
41.5647957	2.255200276	115.3
41.56477397	2.255154081	115.4
41.5647544	2.255111224	115.6
41.56473153	2.255070718	115.7
41.564702	2.255012811	116
41.56466782	2.25495244	116.3
41.56463289	2.254899994	116.6
41.56459733	2.254835608	116.8
41.56456167	2.254767358	116.9
41.56452104	2.25468281	117.1
41.56448071	2.254617116	117.4
41.56443914	2.254539151	117.7
41.56439903	2.254468343	118.3
41.56436676	2.254418278	118.6
41.56434357	2.254354758	118.9
41.56430718	2.254293023	119.3
41.56427886	2.254226099	119.5
41.56425277	2.254160639	119.7
41.56421463	2.254058381	120.2
41.56418971	2.253951441	120.7
41.56416968	2.253847355	121
41.56415919	2.253781966	121
41.5641506	2.253711259	121.1
41.56414944	2.253649835	121.1
41.56415054	2.253590446	121.2
41.56413356	2.253503318	121.8
41.5641404	2.253461898	122.1
41.56413588	2.253414025	122.5
41.56413635	2.253372454	122.7
41.56413898	2.253329748	123
41.56413963	2.253278772	123
41.56415408	2.253241204	123
41.56416599	2.253203643	123
41.56417852	2.253149098	123
41.56419494	2.253103643	123.1
41.56420732	2.25304333	123.2
41.56421961	2.252997906	123.4
41.5642407	2.252946421	123.6
41.56426163	2.252887557	123.7
41.5642841	2.252843964	123.9
41.56430391	2.252785645	124
41.56432122	2.252733897	124.2
41.56433779	2.252685787	124.3
41.56437028	2.25266348	124.4
41.56439687	2.252617496	124.6
41.56442218	2.252585446	124.7
41.56443674	2.252544915	124.8
41.56447141	2.25251801	125
41.56449153	2.252490618	125
41.56451512	2.252471252	125.1
41.56453847	2.252446181	125.2
41.56455441	2.252421254	125.3
41.56456929	2.252394173	125.4
41.56459131	2.252380008	125.4
41.5646112	2.252356958	125.5
41.56463013	2.252339782	125.6
41.56465178	2.252325079	125.6
41.5646821	2.252302165	125.7
41.56470011	2.252290272	125.8
41.56471894	2.252276299	125.8
41.56474311	2.252262698	125.9
41.56476872	2.252246337	125.9
41.56479941	2.2522261	126
41.5648235	2.25220993	126
41.56484878	2.252198846	126
41.56487477	2.252184623	126.1
41.56490528	2.252173006	126.1
41.56493207	2.252161678	126.2
41.56496107	2.252153872	126.2
41.56499311	2.252140024	126.3
41.56501468	2.252128802	126.4
41.56504258	2.252120184	126.5
41.56507093	2.252111827	126.6
41.56509984	2.252100918	126.6
41.56513188	2.252097696	126.7
41.56515417	2.252086537	126.8
41.56518523	2.252086743	126.8
41.5652133	2.252077904	126.9
41.56524637	2.252077639	126.9
41.5652695	2.252075075	127
41.56529184	2.252072353	127
41.56531166	2.25206953	127
41.56533292	2.252068773	127
41.56536804	2.252072025	127
41.56540365	2.25207335	127
41.56543113	2.252071623	127
41.56546821	2.252075662	127
41.56549322	2.252076131	127
41.56552433	2.252078896	127
41.56555878	2.252083608	127
41.56559613	2.252089006	127.1
41.56563974	2.252095596	127.1
41.56567919	2.252105174	127.2
41.5657253	2.252116943	127.2
41.56575168	2.252118561	127.3
41.56578732	2.252127801	127.3
41.56582608	2.252139969	127.3
41.56584628	2.252148378	127.3
41.56586621	2.252155959	127.3
41.56589258	2.252162023	127.4
41.56591855	2.252171327	127.4
41.56594528	2.252180705	127.5
41.56596688	2.252190487	127.5
41.56598643	2.252194439	127.6
41.56600771	2.252207344	127.6
41.56602849	2.252215635	127.7
41.56604714	2.252221742	127.8
41.56607046	2.252232015	127.9
41.56609056	2.25224096	127.9
41.56610903	2.252249705	128
41.56612469	2.252256395	128
41.56614131	2.252266504	128.1
41.56615979	2.252275336	128.1
41.56618541	2.252291043	128.2
41.56620752	2.252300618	128.2
41.56622812	2.252311727	128.3
41.56624617	2.252321113	128.3
41.56626236	2.25233075	128.3
41.56628082	2.252342292	128.3
41.56629926	2.252353961	128.4
41.56631518	2.25236582	128.4
41.5663319	2.252378996	128.3
41.56634857	2.252387049	128.3
41.56636333	2.252398192	128.3
41.56638001	2.252410297	128.3
41.56639865	2.252421744	128.3
41.56641062	2.252431417	128.3
41.56642291	2.252439113	128.3
41.56643456	2.252447495	128.3
41.56644777	2.25245879	128.3
41.5664615	2.25246841	128.3
41.56648793	2.252492613	128.4
41.56651035	2.252508787	128.5
41.56653059	2.252527732	128.6
41.56655272	2.252547207	128.7
41.5665761	2.252566218	128.8
41.56659708	2.252583227	128.8
41.56661701	2.252597852	128.9
41.56663952	2.252618442	128.9
41.56665801	2.252633784	129
41.56667475	2.252649531	129
41.56668936	2.25266188	129
41.5667023	2.252671856	129
41.56671671	2.252683879	129.1
41.56674472	2.252705538	129.1
41.56677739	2.25273392	129.1
41.56681336	2.252765915	129
41.56684176	2.252787997	129
41.56687254	2.252818945	129.1
41.56689141	2.252832688	129.1
41.56691096	2.252848365	129.1
41.56693072	2.252866154	129
41.56695146	2.252883508	129
41.56698273	2.252909459	129.1
41.5670114	2.252932496	129.2
41.56704268	2.252958872	129.4
41.56706542	2.2529812	129.4
41.56709849	2.253003748	129.6
41.56711911	2.253022456	129.6
41.56714259	2.253041509	129.7
41.5671674	2.253063211	129.8
41.56720873	2.253097206	130
41.56723616	2.253123153	130
41.5672663	2.253146914	130
41.56729203	2.253168427	130
41.56732657	2.25319931	130
41.56735113	2.253218699	130
41.56737699	2.253237054	130
41.56739966	2.253256488	130
41.5674207	2.253277353	130
41.56744612	2.253296723	130
41.56748688	2.253330765	130
41.56751392	2.253352053	130.1
41.56754536	2.253377076	130.2
41.56757233	2.253401796	130.3
41.56759659	2.253425346	130.3
41.56762087	2.25344251	130.4
41.5676398	2.253458117	130.5
41.5676591	2.253474268	130.6
41.56767616	2.25349014	130.6
41.56769318	2.253506023	130.7
41.56771054	2.253519655	130.8
41.56772805	2.253532679	130.8
41.56773941	2.253544358	130.9
41.56775565	2.253556079	130.9
41.56776922	2.253568203	131
41.56793871	2.253712324	131
41.5679631	2.253731189	131
41.56799153	2.253756653	131
41.56801368	2.253773321	131
41.56803701	2.253795205	131
41.56805828	2.253811378	131
41.56808097	2.253832763	131.1
41.5681097	2.25385721	131.3
41.56813537	2.253877282	131.3
41.56815992	2.253899851	131.4
41.56819155	2.253924195	131.6
41.56821058	2.25393852	131.6
41.56823145	2.253954794	131.7
41.56825516	2.253975483	131.8
41.56827762	2.253998909	131.9
41.5683021	2.254025461	131.9
41.56832317	2.254048539	132
41.56833872	2.254069595	132
41.56835117	2.254091251	132.1
41.56836733	2.254114916	132.1
41.56838231	2.254141712	132.2
41.56839733	2.254168942	132.2
41.56841135	2.254194606	132.3
41.56841825	2.254212903	132.3
41.56842853	2.254237361	132.3
41.56843623	2.254257568	132.4
41.56844055	2.254271192	132.4
41.56844984	2.254291519	132.4
41.56845747	2.25431574	132.4
41.56846411	2.254347484	132.5
41.56846754	2.25436788	132.5
41.5684731	2.254389725	132.5
41.56847526	2.254406445	132.5
41.56847675	2.254425311	132.5
41.56847804	2.254436162	132.5
41.56848202	2.254450581	132.5
41.56848801	2.254471357	132.6
41.56848908	2.254481421	132.6
41.56848953	2.254504728	132.6
41.56848959	2.254525137	132.6
41.56849117	2.254544142	132.6
41.56848814	2.254560313	132.6
41.5684903	2.254588271	132.6
41.56848736	2.254613585	132.6
41.56848747	2.254639293	132.6
41.56848431	2.254660344	132.5
41.5684839	2.254692336	132.5
41.56848068	2.254723394	132.5
41.56847432	2.254750775	132.6
41.56846821	2.25477883	132.7
41.56846203	2.254811408	132.8
41.56845398	2.254837215	132.8
41.56844766	2.254860406	132.9
41.56844089	2.254879697	133
41.5684306	2.254906724	133
41.56842091	2.254933315	133.1
41.56840657	2.254961395	133.1
41.56839168	2.254987741	133.2
41.5683778	2.255024328	133.2
41.56836369	2.255051212	133.3
41.56835028	2.255069056	133.3
41.56833406	2.255085037	133.3
41.56832183	2.255112602	133.4
41.5683073	2.255133298	133.4
41.56828964	2.25516146	133.5
41.56827616	2.255177742	133.5
41.5682573	2.255201462	133.5
41.56823959	2.255216686	133.5
41.56822806	2.255236772	133.5
41.56820993	2.255245552	133.5
41.56819201	2.255267054	133.5
41.56816479	2.255282117	133.4
41.56815018	2.255299332	133.4
41.56812453	2.255318295	133.4
41.56810425	2.255332751	133.3
41.56807915	2.255348836	133.3
41.56805791	2.255363004	133.3
41.56803715	2.255379122	133.4
41.56801293	2.255386957	133.4
41.56798393	2.255398047	133.4
41.56796456	2.25540241	133.4
41.56794574	2.255413379	133.5
41.56792568	2.255415381	133.5
41.56790592	2.255423275	133.5
41.56788655	2.255424687	133.5
41.56786941	2.255434683	133.6
41.56784231	2.255439388	133.6
41.56781919	2.25543792	133.6
41.56779065	2.255440736	133.6
41.56776089	2.255448886	133.6
41.56773855	2.255449774	133.6
41.56770916	2.255452282	133.6
41.56767365	2.255452583	133.6
41.56765291	2.255455977	133.6
41.56762199	2.255453019	133.6
41.56760065	2.255450684	133.6
41.56756878	2.255447454	133.6
41.5675354	2.255439253	133.6
41.5675028	2.255433616	133.6
41.56746781	2.255422491	133.5
41.56743339	2.255412172	133.5
41.56739123	2.25540094	133.4
41.56735188	2.255377202	133.4
41.56729291	2.255359187	133.3
41.56725767	2.255332798	133.2
41.56721691	2.255318909	133.1
41.56718848	2.255301407	133.1
41.56714996	2.255270695	133
41.5670978	2.255232352	133
41.56707065	2.255208568	133
41.56704841	2.255186751	133
41.5670256	2.255167731	133
41.56700071	2.255149898	133
41.56697323	2.255126533	133
41.56694714	2.255104553	133
41.56691677	2.255079581	132.9
41.56689233	2.255059	132.8
41.5668663	2.255038286	132.7
41.56683879	2.255011851	132.6
41.56680783	2.254983818	132.5
41.5667618	2.254952631	132.3
41.56674618	2.254935056	132.3
41.56672501	2.254914781	132.2
41.56669933	2.254892937	132.1
41.56667121	2.254868279	132
41.56664637	2.254850296	131.9
41.56662374	2.254827728	131.8
41.56659893	2.254807771	131.8
41.56657149	2.254784178	131.7
41.56654218	2.254763121	131.6
41.56651414	2.254741134	131.5
41.56648398	2.254711081	131.4
41.56645305	2.254685472	131.3
41.56642	2.254655106	131.2
41.56638492	2.254628931	131
41.56634691	2.254591889	130.9
41.56629578	2.254551222	130.9
41.56624398	2.254508561	130.9
41.56619952	2.254470801	130.9
41.56615781	2.25443076	131
41.56608118	2.2543664	130.7
41.56603999	2.254338494	130.3
41.56601626	2.254313971	130.1
41.56598934	2.254293193	129.9
41.56596473	2.254271944	129.7
41.56593644	2.254246289	129.6
41.5659127	2.254225822	129.4
41.56588579	2.254203561	129.3
41.56586443	2.2541836	129.2
41.56583121	2.254158871	129
41.56580389	2.254132798	128.9
41.56577834	2.254112345	128.8
41.56575671	2.254094983	128.7
41.56572905	2.254077123	128.6
41.56570417	2.254063294	128.4
41.56567823	2.254053151	128.3
41.5656473	2.254050577	128.1
41.5656262	2.254048093	127.9
41.56562559	2.254047724	127.9
41.56561511	2.254043951	127.9
41.56559941	2.254049855	127.7
41.56558912	2.254050267	127.7
41.56557058	2.25405617	127.5
41.56555705	2.254056739	127.4
41.56553968	2.2540609	127.4
41.5655278	2.254069726	127.3
41.56551174	2.254078221	127.3
41.56549995	2.254087163	127.3
41.56548587	2.254096111	127.3
41.56547589	2.254109305	127.2
41.56546447	2.254122205	127.2
41.56545397	2.254135074	127.1
41.56544543	2.254145395	127.1
41.56543171	2.25416129	127
41.56542595	2.254177279	126.9
41.56541757	2.254191152	126.9
41.5654107	2.254209945	126.8
41.56540041	2.254219361	126.7
41.56539137	2.25423799	126.6
41.56537914	2.254254639	126.6
41.56537751	2.254273044	126.5
41.56537395	2.254288323	126.4
41.56537009	2.254306912	126.3
41.56536797	2.254323236	126.3
41.56536276	2.25434151	126.2
41.56536074	2.254355042	126.1
41.56535903	2.254374773	126
41.56535961	2.254392089	125.9
41.56535664	2.254409139	125.9
41.56535871	2.254421527	125.8
41.5653601	2.254435332	125.7
41.56535877	2.254446489	125.7
41.56536041	2.254458559	125.6
41.56536106	2.254467705	125.6
41.56536159	2.254481554	125.5
41.56536295	2.254494336	125.4
41.5653659	2.254508614	125.3
41.56536746	2.254518525	125.2
41.56537019	2.254529983	125.2
41.56537777	2.254540932	125.1
41.56538211	2.254554984	125
41.56539264	2.254583103	124.8
41.5654029	2.254611003	124.6
41.56540977	2.254635434	124.5
41.56541844	2.254659867	124.3
41.5654275	2.254684402	124.2
41.56543515	2.254709817	124.1
41.56544268	2.254737056	123.9
41.56545076	2.254763006	123.8
41.56546039	2.254787234	123.6
41.56546741	2.254808442	123.5
41.56547463	2.254826127	123.4
41.56547651	2.254842792	123.3
41.56548645	2.25486722	123.1
41.56549201	2.254882249	123
41.56549835	2.254898211	122.9
41.56550424	2.254919378	122.7
41.56550929	2.254932937	122.6
41.56551401	2.254948551	122.5
41.56551857	2.254961307	122.4
41.56552149	2.254976977	122.3
41.56552955	2.254991863	122.1
41.56553443	2.255011441	122
41.56554096	2.255028892	121.9
41.56554634	2.255041809	121.9
41.56555006	2.255051434	121.8
41.56555749	2.255081501	121.7
41.5655689	2.255114954	121.8
41.56558265	2.255153714	121.8
41.56559627	2.255190287	121.7
41.56560804	2.255227982	121.7
41.56562295	2.255266253	121.6
41.5656354	2.255305067	121.4
41.56564596	2.255334519	121.2
41.56565407	2.255356465	121.1
41.56566207	2.255377918	121
41.56566741	2.255399184	120.8
41.56567453	2.255424466	120.7
41.56568357	2.255449853	120.4
41.56569527	2.255481071	120.2
41.56570662	2.255506929	119.9
41.56571094	2.255528508	119.7
41.56571884	2.255546014	119.5
41.56572474	2.255569687	119.3
41.56572742	2.255590808	119.3
41.56573553	2.25560764	119.2
41.56574372	2.255628219	119.1
41.56574879	2.255647778	119
41.56575703	2.255666649	118.9
41.5657623	2.255682309	118.8
41.56576899	2.255702928	118.7
41.5657753	2.255721806	118.6
41.56578079	2.255739527	118.5
41.56578838	2.25576261	118.4
41.56579568	2.255784656	118.3
41.56580327	2.255806801	118.2
41.56581159	2.255827617	118.1
41.56581936	2.255849587	118
41.5658258	2.255869646	117.9
41.56583032	2.255889105	117.8
41.56583459	2.255906475	117.8
41.56584221	2.255924443	117.8
41.56584928	2.25594114	117.8
41.56585406	2.255956858	117.8
41.56586016	2.25597043	117.8
41.5658638	2.255985389	117.8
41.56586844	2.255996892	117.8
41.56589475	2.25606891	117.7
41.56590253	2.256086313	117.7
41.56590811	2.256106484	117.6
41.56591707	2.256123404	117.6
41.56592211	2.256134766	117.6
41.56592516	2.256150098	117.5
41.56592801	2.256157888	117.5
41.56593496	2.256169683	117.5
41.56593972	2.256182702	117.5
41.56596175	2.256231044	117.3
41.56597748	2.256267018	117.2
41.56598948	2.25629853	117
41.56600952	2.25633878	116.7
41.5660287	2.256377022	116.4
41.56604714	2.256409204	116.2
41.56606546	2.256448327	116
41.56608475	2.256475332	115.8
41.56610298	2.256507011	115.6
41.56611444	2.256531344	115.5
41.56613256	2.256557168	115.6
41.56614311	2.256575314	115.6
41.56615459	2.25659821	115.6
41.56617061	2.256618735	115.5
41.56618065	2.256635069	115.5
41.56619221	2.256656627	115.4
41.56620438	2.256675746	115.3
41.56621429	2.256687458	115.3
41.56622586	2.256702944	115.4
41.56623866	2.256718263	115.4
41.56624786	2.256732183	115.4
41.5662739	2.256763171	115.4
41.5662934	2.256796775	115.3
41.56631942	2.256828461	115.3
41.56634071	2.256852943	115.3
41.56636654	2.256884315	115.2
41.56639576	2.25692051	115.1
41.56642034	2.256943837	115
41.56644475	2.256971372	115
41.56646172	2.256991157	115
41.56648517	2.257013215	115
41.56650249	2.257028222	115
41.56651483	2.257041592	115
41.56654354	2.257066004	115
41.56656994	2.257092857	115
41.5665925	2.257111761	115
41.56661571	2.257131882	115
41.56663886	2.257150666	115
41.56666069	2.257170981	115
41.56668248	2.257189915	115.1
41.56670285	2.25720576	115.2
41.56674112	2.257240439	115.2
41.56677852	2.257274941	115.3
41.56681042	2.257297519	115.4
41.56683665	2.257319885	115.4
41.56685829	2.257340226	115.4
41.56688344	2.257362159	115.4
41.56690316	2.257378293	115.4
41.56692407	2.257397126	115.3
41.56694283	2.257413815	115.3
41.56695805	2.257427361	115.3
41.56697167	2.25743872	115.3
41.56699283	2.257457524	115.2
41.56700921	2.257470156	115.2
41.56702516	2.257483631	115.1
41.56703863	2.257496291	115
41.56705288	2.257507782	115
41.56706255	2.257515365	115.1
41.56707092	2.257523227	115.1
41.56707775	2.257527993	115.1
41.5670864	2.257535439	115.1
41.5670946	2.257541724	115.2
41.5671015	2.257548701	115.2
41.56712682	2.25756913	115.2
41.56713908	2.257579733	115.3
41.56715652	2.257593451	115.3
41.56716922	2.257606262	115.4
41.56718529	2.257619498	115.4
41.56719494	2.257626502	115.5
41.56720349	2.25763363	115.5
41.56721212	2.257641286	115.5
41.56722201	2.257649807	115.5
41.56723367	2.25765989	115.6
41.5672429	2.257665371	115.7
41.56725366	2.25767596	115.8
41.56726513	2.257682207	115.9
41.56727643	2.257691325	115.9
41.56728462	2.257696571	116
41.567293	2.257700519	116
41.56730216	2.257704952	116.1
41.56731167	2.257710134	116.2
41.56732273	2.257714003	116.2
41.56733207	2.257717806	116.3
41.56734047	2.257719906	116.3
41.56735225	2.257722671	116.4
41.56736163	2.2577246	116.4
41.56736894	2.257725458	116.4
41.56737723	2.257726855	116.5
41.56738521	2.257726296	116.5
41.56739252	2.257727244	116.5
41.56740055	2.257727776	116.6
41.56740858	2.257728653	116.6
41.56741645	2.257726558	116.6
41.56742631	2.257725657	116.7
41.56743712	2.257723304	116.7
41.56744518	2.257722145	116.8
41.56745482	2.257721541	116.8
41.56746491	2.257718563	116.8
41.56747294	2.257716762	116.9
41.56748022	2.257713745	116.9
41.56748694	2.257711991	116.9
41.56749264	2.257708982	117
41.56749935	2.257707134	117
41.56750424	2.257704775	117
41.56751152	2.257701497	117.1
41.56751696	2.257697741	117.1
41.56752183	2.257695126	117.1
41.56752493	2.257693029	117.2
41.56753171	2.257690162	117.2
41.56753718	2.25768689	117.2
41.5675421	2.257684138	117.3
41.56754558	2.257680829	117.3
41.56755504	2.25767623	117.3
41.567561	2.257671245	117.4
41.56756679	2.257666345	117.4
41.5675719	2.257662344	117.4
41.56757683	2.257657891	117.4
41.56758265	2.257654094	117.5
41.56758653	2.25765056	117.5
41.56759442	2.25764418	117.5
41.56760054	2.257638107	117.5
41.56760502	2.257631362	117.6
41.5676119	2.257624291	117.6
41.56761841	2.257619091	117.6
41.56762326	2.257611046	117.6
41.56762881	2.257602837	117.6
41.56763367	2.257595438	117.6
41.56763892	2.257588691	117.7
41.56764484	2.257580538	117.7
41.56765151	2.257571537	117.7
41.5676564	2.257561249	117.7
41.56766123	2.257552353	117.7
41.56766794	2.257541614	117.7
41.56767178	2.257526777	117.7
41.56767847	2.257514257	117.7
41.56768443	2.257498362	117.7
41.56769401	2.257473631	117.9
41.56770849	2.257448364	118
41.5677199	2.257421794	118.2
41.56773417	2.257392272	118.4
41.56774291	2.257368012	118.5
41.56775716	2.257335931	118.6
41.56776847	2.257312246	118.7
41.56778077	2.257285743	118.8
41.56779362	2.257258151	118.9
41.56780486	2.257234653	119.1
41.56781655	2.257214979	119.2
41.56782977	2.257192228	119.5
41.56784089	2.257172639	119.7
41.56785038	2.257155799	119.9
41.56785999	2.257134848	120.1
41.56787346	2.257115537	120.4
41.56788374	2.257097778	120.6
41.56790127	2.257074825	120.8
41.56791717	2.257052115	121
41.56792855	2.257036746	121.2
41.56794428	2.257022085	121.3
41.5679557	2.257003103	121.5
41.56797027	2.256985461	121.7
41.5679875	2.256967098	121.8
41.56800675	2.256950979	121.9
41.56802416	2.256935717	122
41.56803826	2.256917673	122.1
41.56805816	2.256902957	122.2
41.56807158	2.256887407	122.3
41.56807197	2.256886228	122.3
41.56808451	2.256873497	122.4
41.56810307	2.256863287	122.5
41.56811584	2.256854529	122.5
41.56813429	2.256846449	122.6
41.56815264	2.256832143	122.8
41.56817408	2.256816	122.9
41.56819558	2.256802831	123
41.56821837	2.256792945	123.1
41.56823752	2.256781619	123.2
41.56825821	2.256769579	123.4
41.56828501	2.256755676	123.5
41.56829804	2.256747091	123.6
41.56832072	2.256735345	123.7
41.56834613	2.256722596	123.8
41.5683674	2.256714377	124
41.56838228	2.256702903	124
41.56839455	2.256695841	124.1
41.56840881	2.25668871	124.2
41.56842429	2.256680059	124.3
41.56843485	2.25667161	124.3
41.5684486	2.256666997	124.4
41.56846408	2.256657106	124.5
41.5684642	2.256656745	124.5
41.56847812	2.256649461	124.6
41.56848776	2.256643212	124.6
41.5684962	2.256638661	124.7
41.56850634	2.256632754	124.7
41.56851504	2.25662951	124.8
41.56852588	2.25662269	124.9
41.56853639	2.256615091	124.9
41.56854945	2.25660814	125
41.56856288	2.256601535	125.1
41.56857322	2.256596273	125.1
41.5685847	2.256589382	125.2
41.56859769	2.2565815	125.3
41.56860736	2.256578041	125.3
41.56861507	2.256572602	125.4
41.5686248	2.256567714	125.5
41.56863859	2.256559493	125.6
41.56863897	2.256559132	125.6
41.56864952	2.25655356	125.7
41.56866992	2.256542658	125.9
41.56869545	2.256528071	126.1
41.56871685	2.256516479	126.3
41.56873843	2.256503797	126.5
41.56875912	2.256489932	126.7
41.56877262	2.256480341	126.8
41.56879249	2.256470023	127
41.56880923	2.256462571	127.2
41.56882379	2.256452355	127.3
41.56884411	2.256441925	127.5
41.56886168	2.256431578	127.7
41.56887735	2.256421903	127.8
41.5688899	2.256413405	127.9
41.56894064	2.256385566	128.2
41.56896252	2.25637538	128.3
41.56898023	2.256364658	128.4
41.56900061	2.256351506	128.5
41.56902631	2.256340224	128.7
41.56904966	2.256325112	128.8
41.56906893	2.25631451	128.9
41.56908548	2.256305861	129
41.56910257	2.256297247	129.1
41.56912594	2.256283599	129.2
41.56914846	2.256268845	129.4
41.56917011	2.256258203	129.5
41.56917141	2.256257486	129.5
41.56918734	2.256246551	129.7
41.56920895	2.256234389	129.9
41.56922471	2.256225423	130
41.56924419	2.256215998	130.2
41.5692609	2.256207273	130.3
41.56928089	2.256193909	130.5
41.56930603	2.256181487	130.8
41.56932913	2.256167986	131
41.56935453	2.256155181	131.2
41.56936683	2.256143649	131.3
41.56938767	2.2561313	131.5
41.56940586	2.256122144	131.7
41.56942144	2.256113693	131.8
41.56943969	2.256101025	132.1
41.56945871	2.256093483	132.2
41.56947191	2.256084614	132.4
41.56948568	2.256078376	132.5
41.56949985	2.256065692	132.6
41.56951623	2.256060834	132.7
41.56951723	2.256060069	132.7
41.56952915	2.256052276	132.8
41.56954664	2.256041591	132.9
41.56956218	2.256031208	133
41.56958552	2.256017792	133.2
41.56960662	2.256005056	133.3
41.56962562	2.255990696	133.4
41.56964301	2.255985937	133.4
41.56966095	2.255975381	133.5
41.56967698	2.255965619	133.5
41.56969324	2.255958504	133.6
41.56970969	2.255951401	133.6
41.5697228	2.255945049	133.6
41.56973907	2.255938903	133.7
41.56975464	2.255935884	133.7
41.56976745	2.255930208	133.8
41.56978694	2.255925908	133.9
41.56980332	2.255919255	134
41.56982376	2.255915061	134.1
41.56984009	2.255910471	134.1
41.56985637	2.255908813	134.2
41.5698748	2.255906483	134.3
41.56989389	2.255904517	134.4
41.56991363	2.255902983	134.4
41.56993119	2.255901288	134.5
41.5699461	2.25590103	134.6
41.56996636	2.25590274	134.6
41.56998196	2.255902964	134.7
41.56999511	2.25590328	134.7
41.57000897	2.255905016	134.8
41.57002396	2.255907639	134.8
41.57003624	2.255909098	134.9
41.57004792	2.255910478	134.9
41.57006325	2.255912332	135
41.57007471	2.255915265	135.1
41.57008836	2.25591733	135.1
41.57009839	2.255919461	135.2
41.5701085	2.255921633	135.2
41.57011546	2.255925737	135.2
41.57013438	2.255928779	135.3
41.57015917	2.255936857	135.4
41.57017552	2.255942675	135.5
41.57019573	2.25594918	135.6
41.57021132	2.255956083	135.7
41.57022526	2.255962341	135.7
41.57023646	2.255966931	135.8
41.57024843	2.255973049	135.8
41.57025946	2.255980017	135.9
41.57027398	2.255987454	136
41.57028691	2.255994837	136
41.57029894	2.256002388	136.1
41.57030861	2.256007314	136.2
41.57031909	2.256014133	136.2
41.57032874	2.256020008	136.2
41.57034003	2.256028481	136.3
41.57035262	2.256036607	136.3
41.57036035	2.256042578	136.4
41.57036874	2.256049158	136.4
41.57037736	2.256056661	136.4
41.57038672	2.256062714	136.5
41.57039492	2.256069297	136.5
41.57040515	2.256078136	136.5
41.5704159	2.25608729	136.5
41.57042526	2.256094942	136.6
41.57043302	2.25610157	136.6
41.57044135	2.256108578	136.6
41.57045041	2.256116386	136.6
41.57045612	2.25612291	136.6
41.57046292	2.256127851	136.6
41.57046812	2.256135178	136.7
41.57047534	2.256140292	136.7
41.5704815	2.256147024	136.7
41.57048601	2.256154126	136.7
41.57049966	2.256168466	136.8
41.57051257	2.256181302	136.8
41.57051965	2.256190889	136.8
41.57053127	2.256203072	136.9
41.57053933	2.256212902	136.9
41.57054708	2.256222929	137
41.57055243	2.256231402	137
41.57055921	2.256240554	137
41.57056904	2.256252242	137
41.57057898	2.256266739	137.1
41.57058867	2.256279718	137.1
41.57059475	2.256290034	137.1
41.57060442	2.256300959	137.2
41.57061219	2.256313431	137.2
41.57061869	2.25632497	137.2
41.57062857	2.256340704	137.3
41.5706366	2.256353404	137.3
41.57064345	2.256363604	137.3
41.57065251	2.256378319	137.3
41.57065682	2.25638811	137.4
41.57066386	2.256399695	137.4
41.57067246	2.256415762	137.3
41.57067884	2.256426235	137.3
41.5706828	2.256437531	137.3
41.5706885	2.256451263	137.3
41.57069551	2.256463044	137.2
41.57069814	2.256471381	137.2
41.57070352	2.256479306	137.2
41.57070638	2.25648852	137.2
41.57071095	2.256497062	137.2
41.57071574	2.25650505	137.2
41.57072491	2.256526374	137.1
41.57073278	2.256544277	137.1
41.57074026	2.256563907	137
41.5707455	2.256572347	137
41.57074952	2.256581602	137
41.57075314	2.256591887	137
41.57075854	2.256603087	137
41.57076288	2.256615687	136.9
41.57076665	2.256625285	136.9
41.57076851	2.256633036	136.9
41.57077262	2.256640426	136.9
41.5707751	2.256649233	136.9
41.57077808	2.256656701	136.8
41.57078155	2.256665459	136.8
41.57078435	2.256671752	136.8
41.57078714	2.256679916	136.8
41.57078864	2.256686144	136.8
41.57079138	2.256698118	136.8
41.57079656	2.256707457	136.8
41.5708048	2.256726079	136.8
41.57081095	2.256745569	136.8
41.57081725	2.256765264	136.8
41.57082671	2.256785142	136.9
41.5708343	2.256804678	137
41.57084099	2.256822592	137
41.57084821	2.256841745	137
41.57085219	2.256857107	137
41.57085846	2.256875048	137
41.57086567	2.256888337	137
41.57087274	2.25690806	137
41.57087747	2.256920625	137
41.57088047	2.256931792	137
41.57088424	2.25694163	137
41.5708867	2.256950976	137
41.57089224	2.256961785	137
41.57089872	2.256975866	136.9
41.57090386	2.256990904	136.9
41.57091842	2.257026232	136.8
41.57092883	2.25705373	136.7
41.57093789	2.257073758	136.7
41.57094261	2.257084825	136.7
41.57094861	2.257103431	136.7
41.5709576	2.257120513	136.7
41.5709625	2.257137171	136.6
41.57096697	2.25715306	136.6
41.57097122	2.257167984	136.6
41.57098056	2.257188664	136.6
41.57098819	2.257206789	136.6
41.57099641	2.25722258	136.6
41.57100216	2.25723902	136.5
41.57100723	2.257256848	136.5
41.571016	2.257275498	136.4
41.57102232	2.257291213	136.4
41.5710288	2.257311325	136.3
41.57103512	2.257324331	136.3
41.57104106	2.257341577	136.2
41.57104972	2.257359405	136.2
41.57105673	2.257375691	136.1
41.5710615	2.257391488	136.1
41.57106979	2.257410777	136.1
41.57107728	2.257428504	136
41.57108268	2.25744469	136
41.57108863	2.257462256	136
41.57109603	2.257478865	136
41.57110103	2.257496709	135.9
41.57110912	2.257514835	136
41.57111376	2.257529193	136
41.57111986	2.257548257	136
41.57112656	2.257562993	136
41.57113431	2.257581882	136
41.57113965	2.257598573	136
41.57114633	2.257616311	136
41.57115466	2.257632012	136
41.57116216	2.257653913	136
41.57116395	2.25766853	136
41.57117618	2.25769076	136
41.57118708	2.257718916	136
41.57119302	2.257735076	136
41.57120161	2.257753119	136
41.57120712	2.257767269	136
41.57121522	2.257787678	136
41.57122223	2.257805103	135.9
41.57122717	2.257823614	135.9
41.57123239	2.257838845	135.9
41.57124071	2.257855099	135.9
41.57124553	2.257871016	135.8
41.57125833	2.257907601	135.8
41.57126587	2.257932769	135.8
41.57127627	2.257951275	135.7
41.57128311	2.257970736	135.7
41.57128622	2.257985376	135.7
41.57129207	2.257998846	135.7
41.57129838	2.258015722	135.7
41.57130212	2.258030602	135.7
41.57131158	2.258072068	135.7
41.57133259	2.258120486	135.6
41.57135033	2.258165018	135.6
41.57136981	2.258208099	135.8
41.57138147	2.258243	135.9
41.5713969	2.25828089	136
41.57141263	2.258324758	135.9
41.57141941	2.258346029	135.8
41.57143969	2.258389712	135.7
41.57145737	2.258431777	135.5
41.57146354	2.258470895	135.4
41.57148606	2.258515545	135.2
41.57150214	2.258559523	135.1
41.5715207	2.258604563	135
41.57153674	2.258645836	135
41.57155054	2.258687097	135
41.5715652	2.258727392	135
41.57158054	2.258764359	135
41.57159275	2.25879395	135
41.57160511	2.258831939	135
41.57162062	2.258868004	135
41.57163475	2.258902702	135
41.57165832	2.258967346	135
41.57168039	2.259028712	135.1
41.57169705	2.259078291	135.2
41.5717184	2.259128969	135.1
41.57174008	2.25917985	135
41.57175782	2.259231449	134.9
41.57177545	2.25927162	134.9
41.57178864	2.259307217	134.8
41.57180284	2.259343975	134.7
41.57181964	2.259388884	134.6
41.57183171	2.259420853	134.5
41.57184743	2.259456455	134.3
41.5718564	2.25948358	134.3
41.57186441	2.259502485	134.2
41.57187515	2.259534732	134.2
41.57188451	2.259560301	134.1
41.57190066	2.259593407	134.1
41.57190825	2.259624493	134
41.57191851	2.259650738	134
41.57192857	2.259675854	134
41.57193749	2.259700782	134
41.57195071	2.259729382	134.1
41.57195383	2.25975009	134.2
41.57200565	2.259879401	134.8
41.57202282	2.25991637	134.9
41.5720343	2.259950212	134.9
41.57204743	2.259982964	134.8
41.5720609	2.260018679	134.8
41.57207492	2.260059483	134.6
41.57208578	2.26008668	134.5
41.5720977	2.260118918	134.4
41.57211486	2.260167965	134.1
41.57213234	2.260210699	133.8
41.57214742	2.260252465	133.5
41.57216894	2.260299992	133.1
41.57218244	2.260344863	133
41.57220275	2.2603947	132.9
41.57222225	2.260443185	133
41.57224349	2.260496444	133.2
41.57225611	2.260544706	133.3
41.57227316	2.26057773	133.3
41.57228847	2.260612987	133.3
41.57230434	2.260652915	133.3
41.57231934	2.260690998	133.2
41.57233444	2.260730016	133
41.57234589	2.260766911	132.9
41.57236272	2.260803275	132.7
41.57238533	2.260864138	132.3
41.57240308	2.260901727	132.2
41.57241637	2.260943258	132.1
41.57243326	2.260980036	132
41.57245108	2.261022293	131.9
41.57246726	2.261058043	131.9
41.57248422	2.261100858	131.9
41.57250096	2.261141484	132
41.57251214	2.26117214	132
41.57252818	2.26120838	132.1
41.57254331	2.261237419	132.1
41.5725699	2.261301752	132.1
41.57258132	2.261333707	132.1
41.57259401	2.261361458	132
41.57260814	2.261391098	132
41.5726179	2.26142017	132
41.57262401	2.261444612	131.9
41.57263106	2.261466011	131.9
41.5726422	2.261488615	131.8
41.57265165	2.261512049	131.8
41.57266394	2.261536387	131.7
41.57267319	2.261558895	131.6
41.57268095	2.261580006	131.6
41.57268811	2.261594624	131.5
41.57269278	2.26160799	131.5
41.57269776	2.261620726	131.4
41.57270444	2.261633384	131.4
41.57271116	2.261652393	131.3
41.57271758	2.261666849	131.2
41.57272266	2.261680636	131.2
41.57272836	2.261692831	131.2
41.5727333	2.261703789	131.1
41.57274041	2.261719463	131.1
41.57274714	2.261735611	131.2
41.57275296	2.261748368	131.2
41.57276211	2.26176415	131.3
41.57276906	2.261778962	131.3
41.57277615	2.261790834	131.4
41.57278264	2.261800572	131.5
41.57278747	2.261807191	131.5
41.57279094	2.261812899	131.5
41.57279502	2.261820598	131.5
41.57280172	2.261826154	131.6
41.57280606	2.261833226	131.6
41.57281299	2.261839292	131.6
41.57281705	2.2618445	131.6
41.57282278	2.261851403	131.6
41.57283056	2.261858531	131.6
41.57283663	2.261863076	131.6
41.57284332	2.261867609	131.6
41.57285081	2.261871845	131.6
41.57285668	2.261875995	131.6
41.57286344	2.261879862	131.6
41.57287043	2.261883337	131.6
41.57287645	2.261886585	131.6
41.57288446	2.261890001	131.6
41.57289197	2.261892991	131.6
41.57289749	2.261894528	131.5
41.57290545	2.261898052	131.5
41.57291423	2.261899968	131.5
41.57292095	2.261902326	131.5
41.57292732	2.261902155	131.5
41.57293511	2.261903888	131.5
41.57294108	2.261903505	131.4
41.57294976	2.261904696	131.4
41.57295608	2.261903506	131.4
41.57296562	2.261903923	131.4
41.57297733	2.26190218	131.3
41.57298576	2.26190096	131.3
41.57299373	2.261899733	131.3
41.57300219	2.261897673	131.3
41.57300903	2.261895484	131.3
41.57301497	2.26189362	131.3
41.57302337	2.261892178	131.3
41.57302958	2.261887359	131.3
41.57303785	2.261883632	131.3
41.57304232	2.261879718	131.3
41.57304999	2.261876184	131.3
41.5730563	2.261871646	131.3
41.57306298	2.261866461	131.3
41.57306814	2.261862593	131.3
41.57307431	2.261857049	131.3
41.57308168	2.261852902	131.3
41.57308842	2.261846534	131.3
41.57309255	2.261840977	131.3
41.57309839	2.261834716	131.3
41.57310461	2.261827694	131.3
41.57310942	2.261820982	131.4
41.57311357	2.26181656	131.4
41.57312014	2.261807554	131.4
41.57312567	2.261800047	131.4
41.57313076	2.261792304	131.4
41.57313579	2.261785605	131.4
41.57314095	2.261776481	131.4
41.57315233	2.261765054	131.4
41.57316366	2.261745712	131.4
41.57317698	2.261727732	131.4
41.57318647	2.261705043	131.5
41.57319617	2.261683956	131.5
41.57320677	2.261662779	131.5
41.57321807	2.261635878	131.5
41.57323045	2.26161297	131.6
41.57323891	2.261592166	131.6
41.57323976	2.26158871	131.6
41.57324504	2.261567412	131.7
41.57324546	2.261565686	131.7
41.57325277	2.261537048	131.8
41.57326164	2.261513862	131.8
41.57327089	2.261487917	131.9
41.57327583	2.261471342	131.9
41.57327945	2.26144413	132
41.57328888	2.261413511	132.1
41.57329355	2.261392919	132.1
41.57329922	2.261369694	132.2
41.5732997	2.261342833	132.3
41.57330665	2.261315782	132.3
41.57331269	2.261296417	132.4
41.57331677	2.261273113	132.5
41.5733194	2.261245666	132.5
41.57332209	2.261215558	132.6
41.57332672	2.261190928	132.7
41.57332905	2.261165067	132.8
41.57332773	2.261126351	132.9
41.57332502	2.261095726	133
41.57332936	2.261063576	133
41.57333006	2.261032225	133
41.57332936	2.261005147	133
41.57332647	2.260974465	133
41.57332798	2.260952042	133
41.57332104	2.26093339	133
41.57331889	2.26091129	133
41.57331906	2.260896397	133
41.57331925	2.260883381	133
41.57331647	2.260874812	133.1
41.57331332	2.260854065	133.1
41.57330854	2.260826633	133.1
41.57330486	2.260801493	133.2
41.57330286	2.260788518	133.3
41.57329919	2.260771012	133.3
41.57329905	2.260769525	133.4
41.57329601	2.26075532	133.4
41.57329148	2.26072524	133.5
41.5732836	2.260702237	133.7
41.57327536	2.260672946	133.8
41.57326321	2.260645756	133.9
41.57325166	2.260613492	134.1
41.57324312	2.260584328	134.2
41.57322885	2.260559133	134.4
41.57321457	2.26052241	134.5
41.57320173	2.260492859	134.7
41.5731883	2.260460375	134.9
41.57317147	2.260426809	135
41.57315407	2.260391512	135.2
41.57312327	2.26034029	135.5
41.57311918	2.260334262	135.6
41.57309263	2.260283603	135.8
41.5730624	2.260232768	136
41.57305023	2.260215001	136
41.57304177	2.260201596	136.1
41.57303296	2.260185766	136.1
41.57302138	2.260167364	136.1
41.57301194	2.26014908	136.2
41.57299862	2.260133063	136.2
41.57298528	2.260112352	136.3
41.57297227	2.260088173	136.3
41.57295433	2.260060402	136.4
41.5729394	2.260036652	136.4
41.57292393	2.260010288	136.5
41.57291172	2.259986203	136.6
41.57290197	2.259959345	136.7
41.57288689	2.259930667	136.9
41.57287232	2.259897824	137
41.57285904	2.259861048	137.2
41.57284973	2.259836508	137.3
41.57284795	2.259809662	137.4
41.5728386	2.259779265	137.6
41.57283784	2.259754968	137.7
41.57283471	2.259729803	137.8
41.57282646	2.259701348	137.9
41.5728221	2.259671328	138
41.5728166	2.259634831	138.2
41.57281699	2.259617794	138.2
41.57281594	2.259601055	138.3
41.57281743	2.259579653	138.4
41.57282048	2.259556322	138.4
41.57281939	2.259534562	138.5
41.57281904	2.259512794	138.6
41.57281967	2.259487346	138.7
41.5728205	2.259463248	138.8
41.57282299	2.259442689	138.8
41.57282564	2.259425996	138.9
41.57282722	2.259408787	139
41.57283313	2.259388837	139
41.5728379	2.259374676	139.1
41.57284304	2.259348944	139.2
41.5728477	2.259324511	139.3
41.572853	2.259308455	139.4
41.57285694	2.25929237	139.4
41.5728609	2.259275491	139.5
41.57287054	2.259258278	139.6
41.57287249	2.259238696	139.7
41.57287848	2.259220234	139.7
41.57288558	2.259203433	139.8
41.57289288	2.259186152	139.9
41.57290237	2.259165083	140
41.5729138	2.259149892	140.1
41.5729243	2.259128768	140.1
41.57293293	2.259111281	140.2
41.5729429	2.259094394	140.3
41.5729513	2.25907642	140.3
41.57296421	2.25905846	140.4
41.57297313	2.25904258	140.4
41.57298306	2.259026487	140.5
41.57299289	2.259010709	140.6
41.57300534	2.258999167	140.6
41.57301676	2.258984684	140.7
41.57302516	2.25897515	140.7
41.57303324	2.258968717	140.7
41.57304005	2.258959741	140.7
41.57304608	2.258953391	140.8
41.57305354	2.25894597	140.8
41.57306221	2.258940195	140.8
41.57307182	2.258931564	140.8
41.57308013	2.25892531	140.9
41.57308718	2.258917384	140.9
41.57309488	2.25890874	140.9
41.57310258	2.258901675	141
41.57311116	2.258897101	141
41.57312021	2.258891833	141
41.57312922	2.258886477	141
41.57312976	2.258886395	141
41.57314092	2.258879963	141
41.57315032	2.258874057	141.1
41.57315774	2.258869994	141.1
41.57316414	2.258865446	141.1
41.57317111	2.258861123	141.1
41.57318012	2.258856395	141.1
41.57319009	2.25885092	141.1
41.57320008	2.258847163	141.2
41.57321053	2.258842148	141.2
41.57322177	2.258836306	141.2
41.5732327	2.258830937	141.2
41.57324744	2.258829739	141.2
41.57325818	2.258827086	141.2
41.57325863	2.258826553	141.2
41.57326871	2.25882191	141.2
41.57328262	2.258816473	141.3
41.57329685	2.258813789	141.3
41.57330963	2.258812863	141.3
41.57332216	2.258809085	141.3
41.5733331	2.258809154	141.3
41.57334723	2.258806601	141.3
41.57335838	2.25880629	141.4
41.5733689	2.258805996	141.4
41.57338013	2.258804982	141.4
41.57339092	2.258803898	141.4
41.57340241	2.258805787	141.5
41.57341303	2.258804999	141.5
41.57342431	2.25880601	141.5
41.57343221	2.258805836	141.5
41.57344151	2.258808343	141.6
41.57345066	2.258808792	141.6
41.5734569	2.258810764	141.6
41.57346967	2.258813233	141.6
41.57348202	2.258815146	141.7
41.57349067	2.258816601	141.7
41.57350062	2.258819456	141.7
41.57351105	2.258822278	141.7
41.57352232	2.258825584	141.8
41.57353466	2.258828857	141.8
41.57354457	2.258832684	141.8
41.57355545	2.258837966	141.8
41.57356727	2.258844632	141.9
41.57357619	2.25884777	141.9
41.57358647	2.258851917	141.9
41.57359986	2.258859952	142
41.57361546	2.258869027	142
41.57362956	2.258875462	142.1
41.57364009	2.258882638	142.1
41.57364996	2.258888531	142.1
41.57366392	2.258896448	142.2
41.57367504	2.258905179	142.2
41.57368913	2.258914438	142.2
41.57369661	2.258923287	142.2
41.57370514	2.258931891	142.2
41.57371498	2.258941079	142.2
41.57372323	2.258948334	142.2
41.57373108	2.258958812	142.2
41.57373829	2.25896458	142.2
41.57374685	2.258971272	142.2
41.57375201	2.258979758	142.2
41.57376402	2.258990658	142.2
41.57376785	2.258994423	142.2
41.57377323	2.25900034	142.2
41.57377555	2.259005321	142.2
41.57378137	2.259012308	142.2
41.57378753	2.259021678	142.2
41.57379185	2.259027685	142.2
41.57379801	2.259036366	142.1
41.57380205	2.259043608	142.1
41.57380918	2.259051403	142.1
41.57381168	2.259058322	142.1
41.57381824	2.259065545	142.1
41.57382433	2.259079165	142.1
41.57383304	2.259093489	142.1
41.57384553	2.259109453	142.1
41.57385356	2.259124788	142
41.57386374	2.259140127	142
41.57387314	2.259154491	142
41.57388142	2.25916786	142
41.57388992	2.259184454	142
41.57390028	2.259197448	142
41.57390893	2.259211817	142.1
41.57391845	2.259228675	142.1
41.57392633	2.259241554	142.1
41.57393529	2.259256569	142.1
41.57394532	2.259271545	142.1
41.57395476	2.25928645	142.1
41.57396479	2.259303848	142.1
41.57397351	2.259319229	142.1
41.57398207	2.259331074	142.1
41.57399084	2.259345195	142.1
41.57399971	2.259362614	142.1
41.57400979	2.259376219	142.1
41.57401921	2.259391107	142.1
41.57402797	2.259407173	142.1
41.57403769	2.259420447	142
41.57404785	2.259436642	142
41.57405571	2.259450141	142
41.57406585	2.259465972	142
41.57407393	2.259479634	142
41.57408379	2.259494929	141.9
41.57409288	2.259510425	141.9
41.57410051	2.259526028	141.9
41.57410949	2.259539456	141.9
41.57411986	2.259556179	141.9
41.57412829	2.259571532	141.9
41.57413806	2.259585817	141.9
41.5741474	2.259599483	142
41.57415622	2.259615573	142
41.57416561	2.259628613	142
41.57417604	2.259646123	142.1
41.57418344	2.259659864	142.1
41.57419277	2.259672142	142.1
41.57420355	2.25969051	142.2
41.57421087	2.259705369	142.2
41.57421968	2.259717654	142.2
41.57423119	2.259734495	142.2
41.574239	2.25974796	142.1
41.57425056	2.25976434	142.1
41.57425718	2.259778539	142.1
41.57426769	2.259794273	142
41.5742752	2.259807967	142
41.57428489	2.259822649	141.9
41.57429261	2.259837069	141.9
41.5743037	2.25985253	141.8
41.57431265	2.25986892	141.7
41.57432239	2.25988332	141.7
41.57433008	2.259894841	141.6
41.57433943	2.259909829	141.5
41.57434852	2.259923318	141.5
41.57435851	2.25994058	141.4
41.5743676	2.259955807	141.3
41.57437589	2.259968881	141.2
41.57438552	2.25998278	141.1
41.57439557	2.260001122	141
41.57440336	2.260013237	141
41.57441323	2.260029048	140.9
41.57442064	2.260042617	140.8
41.57443079	2.260059774	140.8
41.57444232	2.260073968	140.7
41.57445027	2.260086603	140.8
41.57445834	2.260102678	140.8
41.57446843	2.260118024	140.9
41.57447785	2.26013214	140.9
41.57448835	2.260147173	140.9
41.57449542	2.260162031	140.9
41.57450515	2.260178146	140.9
41.57451283	2.26019267	140.9
41.57452446	2.26021347	140.8
41.57453135	2.260228423	140.7
41.57454282	2.26024634	140.6
41.57455323	2.260263051	140.5
41.57456085	2.260279525	140.4
41.57456978	2.260291015	140.4
41.57457645	2.260306888	140.3
41.57458372	2.260317694	140.3
41.57459617	2.260333738	140.2
41.57460086	2.260345039	140.2
41.5746083	2.260354436	140.2
41.57461419	2.260366609	140.1
41.57462029	2.260376701	140.1
41.57462821	2.26038836	140
41.57463238	2.260396572	140
41.57464113	2.260406695	139.9
41.57464596	2.260417092	139.9
41.57464962	2.260424436	139.8
41.5746571	2.260437048	139.8
41.57465671	2.260438373	139.7
41.57466515	2.260454152	139.7
41.57467095	2.260471704	139.5
41.5746806	2.260482545	139.5
41.57469051	2.260503756	139.4
41.57469641	2.260515357	139.3
41.5747011	2.26052616	139.2
41.57470426	2.260536799	139.1
41.57470964	2.260548342	139.1
41.57471554	2.260561329	139
41.57472075	2.260573093	138.9
41.57472738	2.260595099	138.9
41.57473392	2.260612172	139
41.5747402	2.260628195	139
41.5747401	2.260628529	139
41.57474878	2.260651342	139
41.57475226	2.260676399	138.9
41.57475637	2.260693718	138.8
41.57476223	2.26071318	138.7
41.57476614	2.260729062	138.7
41.57477411	2.260747847	138.6
41.57477553	2.260762534	138.5
41.57478075	2.260778865	138.4
41.57478496	2.260796261	138.3
41.57478532	2.260812785	138.2
41.5747883	2.260829551	138
41.57479155	2.26085491	137.9
41.57479447	2.260880886	137.9
41.57480168	2.260908837	137.8
41.57480596	2.260942671	137.7
41.57480692	2.260970297	137.7
41.57480741	2.261002377	137.6
41.57481081	2.261037378	137.5
41.57481226	2.261063708	137.4
41.57480815	2.261088204	137.4
41.57480682	2.261116858	137.3
41.57480602	2.261142402	137.2
41.57480596	2.261169666	137.1
41.57480529	2.261202155	137
41.57480342	2.261230938	136.9
41.57479573	2.261260979	136.7
41.57478908	2.261282342	136.6
41.57478522	2.261314809	136.5
41.57477873	2.261339711	136.4
41.57477478	2.261369114	136.3
41.57476488	2.261388863	136.2
41.57476458	2.261414535	136.1
41.57475701	2.261437913	135.9
41.57475038	2.261458611	135.8
41.57474751	2.261472202	135.8
41.57474229	2.261492646	135.7
41.57473804	2.261508205	135.6
41.57473252	2.261523697	135.6
41.57472699	2.261542073	135.5
41.5747206	2.261557282	135.4
41.57471588	2.261574827	135.3
41.5747079	2.261587387	135.2
41.57470393	2.261604187	135.1
41.5746988	2.261617006	135
41.57468748	2.261636224	134.9
41.57468155	2.261650387	134.8
41.57467114	2.261668494	134.6
41.57466572	2.261687351	134.5
41.57465316	2.261696884	134.4
41.57463724	2.261721344	134.3
41.57463098	2.261750176	134.1
41.57461544	2.261766905	134
41.57460583	2.261792303	133.9
41.57459502	2.261818939	133.8
41.5745829	2.261838992	133.7
41.57457738	2.261849053	133.6
41.57457199	2.261865265	133.6
41.57456787	2.261883478	133.5
41.57455612	2.261901714	133.5
41.57454731	2.261916085	133.4
41.57453824	2.261950584	133.3
41.57452541	2.261973192	133.2
41.57451629	2.261995174	133.1
41.57450604	2.262014787	133
41.57449099	2.26203635	132.8
41.57448153	2.262061992	132.7
41.57447371	2.262075444	132.6
41.57446766	2.262092476	132.6
41.57445678	2.262108662	132.5
41.57445145	2.262124304	132.4
41.57444307	2.262145922	132.3
41.57443543	2.262160706	132.2
41.57442741	2.262169367	132.1
41.57441938	2.262190887	132
41.57441343	2.262202133	132
41.57440345	2.262222998	131.8
41.57439999	2.262239434	131.8
41.5743918	2.262250533	131.7
41.57438219	2.262267805	131.6
41.57436868	2.262284686	131.5
41.57436123	2.262300438	131.4
41.57435216	2.262314976	131.3
41.57434326	2.262331225	131.2
41.57433655	2.262350685	131.1
41.57432933	2.262362677	131.1
41.57431302	2.262394018	130.9
41.57430256	2.262423891	130.8
41.57429096	2.262457812	130.6
41.57427935	2.262482778	130.5
41.57426787	2.262503486	130.4
41.57425345	2.262525959	130.3
41.5742417	2.26254705	130.2
41.57423031	2.262574262	130.1
41.57422057	2.262593155	130
41.5742109	2.262611072	129.9
41.57420585	2.262627958	129.8
41.57420009	2.262641946	129.7
41.57419026	2.262663232	129.6
41.57418054	2.262683615	129.5
41.57416906	2.262706243	129.3
41.57415805	2.262725562	129.2
41.57415067	2.262744567	129.1
41.57414412	2.262760737	129
41.57413638	2.262779979	128.9
41.574122	2.262803558	128.8
41.5741109	2.262823266	128.8
41.57410016	2.262840715	128.7
41.57408993	2.262865238	128.6
41.57407832	2.262895143	128.5
41.5740647	2.262922212	128.4
41.57405302	2.262942129	128.3
41.57404754	2.262961962	128.3
41.57404235	2.262977749	128.2
41.57403048	2.262997571	128.1
41.57402367	2.263014533	128
41.57401643	2.263030596	128
41.57400449	2.263043294	127.9
41.57400047	2.263064448	127.8
41.57399611	2.263080709	127.8
41.57398583	2.263091673	127.7
41.57397619	2.263109944	127.7
41.57397274	2.263124053	127.7
41.57396333	2.263146231	127.6
41.5739473	2.263163679	127.5
41.57393089	2.263186122	127.4
41.57391805	2.263209585	127.3
41.57390932	2.26323576	127.2
41.57389703	2.26325622	127.1
41.57388727	2.263277764	127
41.57387387	2.263301365	126.9
41.57386068	2.26332497	126.8
41.57384549	2.263351449	126.7
41.57383028	2.263373237	126.6
41.57382165	2.263391663	126.6
41.57380729	2.263406496	126.5
41.57379515	2.263424043	126.4
41.5737784	2.263450755	126.4
41.57376264	2.263469782	126.3
41.5737473	2.263482398	126.3
41.57372894	2.263497225	126.2
41.57370614	2.263521225	126.1
41.57368595	2.263549771	126.1
41.57366601	2.26356599	126.1
41.57364697	2.263584404	126
41.57362855	2.263596703	126
41.57360511	2.263612341	126
41.57358652	2.263629876	125.9
41.57357333	2.263643184	125.9
41.57355223	2.263652292	125.8
41.5735364	2.263665424	125.7
41.57351652	2.263669703	125.7
41.57350234	2.263673859	125.6
41.57348805	2.263682185	125.6
41.5734719	2.263691262	125.5
41.57345832	2.263696588	125.5
41.57344167	2.263699409	125.4
41.57342762	2.263711582	125.3
41.5734106	2.263715136	125.3
41.57339509	2.263721218	125.2
41.57338077	2.263723496	125.2
41.57336775	2.263729533	125.1
41.57335117	2.263733154	125.1
41.57333981	2.263738661	125
41.57332724	2.263746116	125
41.57331257	2.263744847	124.9
41.57329838	2.263746835	124.9
41.57328566	2.263747272	124.8
41.57327013	2.263750851	124.8
41.57325561	2.263750751	124.7
41.57323813	2.263751658	124.7
41.57321911	2.263754584	124.6
41.57320066	2.263755464	124.5
41.57317833	2.26375241	124.4
41.57316116	2.263751511	124.4
41.57314307	2.263747894	124.3
41.57312389	2.263755866	124.2
41.57309776	2.263740865	124.2
41.5730704	2.263738023	124.1
41.5730504	2.263737252	124
41.57302609	2.263732519	124
41.57300821	2.263729545	124
41.57300081	2.263728932	124
41.57298847	2.263725997	124
41.5729732	2.263722241	124
41.57296122	2.263716249	124
41.57294518	2.26371004	124
41.57293158	2.263701202	124
41.572918	2.263705743	124
41.5729028	2.263694333	124
41.57289221	2.263687925	124
41.57288312	2.2636832	124
41.57286823	2.263678437	124
41.57285694	2.263671234	124
41.57283539	2.263664756	124
41.57281462	2.26364924	124
41.57279457	2.263635413	124
41.57277067	2.263618971	124
41.57273278	2.263586188	123.8
41.57273134	2.263585807	123.8
41.57270937	2.26357209	123.6
41.57268229	2.263548415	123.5
41.57265709	2.26353209	123.4
41.5726368	2.26351099	123.3
41.57261603	2.263495297	123.2
41.57259527	2.26347797	123.2
41.57257713	2.263462706	123.1
41.57255676	2.263447625	123.1
41.57253559	2.263429827	123
41.57250791	2.26340073	123
41.57248539	2.263381246	123
41.57246477	2.263365193	123
41.57244937	2.263354475	123
41.57242882	2.2633368	123
41.57241215	2.263322429	123
41.57238952	2.263306594	122.9
41.57236649	2.263283202	122.8
41.57234525	2.26326801	122.8
41.57232571	2.263251674	122.7
41.57230167	2.263229839	122.6
41.5722873	2.263219086	122.6
41.57227349	2.263207682	122.5
41.57226018	2.263196784	122.5
41.57224691	2.263186863	122.5
41.57222907	2.263169727	122.4
41.57220573	2.263151204	122.3
41.57217835	2.263128918	122.2
41.57215586	2.263110889	122.2
41.57212605	2.26308617	122.1
41.57210364	2.263066037	122
41.57208244	2.26304493	122
41.57205656	2.263023652	122
41.5720332	2.263005424	122
41.57200523	2.262981116	122
41.57197971	2.262962144	122
41.57195575	2.262938735	122
41.57192777	2.262918109	122
41.57190787	2.262900325	122
41.57188153	2.262875384	122
41.57185037	2.26284972	122
41.57182531	2.262829407	122
41.5718018	2.262809603	122
41.57177629	2.262790384	122
41.57175151	2.262767576	122
41.57172244	2.262742392	121.9
41.57168819	2.262712426	121.8
41.57165205	2.262680809	121.7
41.57161967	2.262650072	121.5
41.571584	2.262618122	121.4
41.57154301	2.262585352	121.3
41.57149937	2.262547679	121.2
41.57146142	2.262518125	121.1
41.57141464	2.262473157	121
41.57135628	2.26242522	121.1
41.57129126	2.262372524	121.2
41.57123093	2.262324569	121.2
41.57118732	2.262286567	121.2
41.57114074	2.262246568	121.1
41.57109127	2.262207648	120.9
41.57103347	2.262159091	120.8
41.57098653	2.262115859	120.6
41.57093103	2.262074173	120.5
41.57088248	2.26202892	120.3
41.57083941	2.261994988	120.2
41.57077856	2.261946793	120.2
41.57072059	2.261896928	120.3
41.57064812	2.261829043	120.4
41.57058782	2.261780933	120.4
41.57052366	2.261728234	120.3
41.57044483	2.26166009	120.4
41.57037145	2.261601437	120.5
41.57026604	2.261507175	120.4
41.57012694	2.261396214	120.5
41.57005241	2.26132849	120.6
41.57000495	2.261289994	120.6
41.5699457	2.261239782	120.5
41.56990168	2.261203482	120.5
41.56984686	2.261159224	120.5
41.56979217	2.261115376	120.7
41.56975388	2.261079582	120.8
